,confirmados_novos,internados,internados_uci,lab,vigilancia,obitos_novos,suspeitos_novos,lab_lag_1,lab_lag_2,suspeitos_novos_lag_1,suspeitos_novos_lag_2,suspeitos_novos_lag_3,suspeitos_novos_lag_4,suspeitos_novos_lag_5,suspeitos_novos_lag_6,suspeitos_novos_lag_7,suspeitos_novos_lag_8,vigilancia_lag_1,vigilancia_lag_2,vigilancia_lag_3,vigilancia_lag_4,vigilancia_lag_5,vigilancia_lag_6,vigilancia_lag_7,vigilancia_lag_8,obitos_novos_lag_1,obitos_novos_lag_2,obitos_novos_lag_3,obitos_novos_lag_4,obitos_novos_lag_5,obitos_novos_lag_6,obitos_novos_lag_7,obitos_novos_lag_8,confirmados_novos_lag_1,confirmados_novos_lag_2,confirmados_novos_lag_3,confirmados_novos_lag_4,confirmados_novos_lag_5,confirmados_novos_lag_6,confirmados_novos_lag_7,confirmados_novos_lag_8,obitos_novos_trend_15,obitos_novos_trend_16,obitos_novos_trend_17,obitos_novos_trend_18,obitos_novos_trend_19,obitos_novos_trend_20,obitos_novos_trend_21,obitos_novos_trend_22,obitos_novos_trend_23,obitos_novos_trend_24,obitos_novos_trend_25,obitos_novos_trend_26,obitos_novos_trend_27,obitos_novos_trend_28,obitos_novos_trend_29,obitos_novos_trend_30,obitos_novos_trend_31,confirmados_novos_trend_15,confirmados_novos_trend_16,confirmados_novos_trend_17,confirmados_novos_trend_18,confirmados_novos_trend_19,confirmados_novos_trend_20,confirmados_novos_trend_21,confirmados_novos_trend_22,confirmados_novos_trend_23,confirmados_novos_trend_24,confirmados_novos_trend_25,confirmados_novos_trend_26,confirmados_novos_trend_27,confirmados_novos_trend_28,confirmados_novos_trend_29,confirmados_novos_trend_30,confirmados_novos_trend_31
0,2,0.0,0.0,0.0,0.0,0.0,0.0,0.0,0.0,0.0,0.0,0.0,0.0,0.0,0.0,0.0,0.0,0.0,0.0,0.0,0.0,0.0,0.0,0.0,0.0,0.0,0.0,0.0,0.0,0.0,0.0,0.0,0.0,0,0,0,0,0,0,0,0,0.0,0.0,0.0,0.0,0.0,0.0,0.0,0.0,0.0,0.0,0.0,0.0,0.0,0.0,0.0,0.0,0.0,0.0,0.0,0.0,0.0,0.0,0.0,0.0,0.0,0.0,0.0,0.0,0.0,0.0,0.0,0.0,0.0,0.0
1,2,0.0,0.0,0.0,0.0,0.0,16.0,0.0,0.0,0.0,0.0,0.0,0.0,0.0,0.0,0.0,0.0,0.0,0.0,0.0,0.0,0.0,0.0,0.0,0.0,0.0,0.0,0.0,0.0,0.0,0.0,0.0,0.0,2,0,0,0,0,0,0,0,0.0,0.0,0.0,0.0,0.0,0.0,0.0,0.0,0.0,0.0,0.0,0.0,0.0,0.0,0.0,0.0,0.0,0.0,0.0,0.0,0.0,0.0,0.0,0.0,0.0,0.0,0.0,0.0,0.0,0.0,0.0,0.0,0.0,0.0
2,2,0.0,0.0,0.0,81.0,0.0,16.0,0.0,0.0,16.0,0.0,0.0,0.0,0.0,0.0,0.0,0.0,0.0,0.0,0.0,0.0,0.0,0.0,0.0,0.0,0.0,0.0,0.0,0.0,0.0,0.0,0.0,0.0,2,2,0,0,0,0,0,0,0.0,0.0,0.0,0.0,0.0,0.0,0.0,0.0,0.0,0.0,0.0,0.0,0.0,0.0,0.0,0.0,0.0,0.0,0.0,0.0,0.0,0.0,0.0,0.0,0.0,0.0,0.0,0.0,0.0,0.0,0.0,0.0,0.0,0.0
3,3,9.0,0.0,0.0,213.0,0.0,30.0,0.0,0.0,16.0,16.0,0.0,0.0,0.0,0.0,0.0,0.0,81.0,0.0,0.0,0.0,0.0,0.0,0.0,0.0,0.0,0.0,0.0,0.0,0.0,0.0,0.0,0.0,2,2,2,0,0,0,0,0,0.0,0.0,0.0,0.0,0.0,0.0,0.0,0.0,0.0,0.0,0.0,0.0,0.0,0.0,0.0,0.0,0.0,0.0,0.0,0.0,0.0,0.0,0.0,0.0,0.0,0.0,0.0,0.0,0.0,0.0,0.0,0.0,0.0,0.0
4,4,13.0,0.0,30.0,354.0,0.0,34.0,0.0,0.0,30.0,16.0,16.0,0.0,0.0,0.0,0.0,0.0,213.0,81.0,0.0,0.0,0.0,0.0,0.0,0.0,0.0,0.0,0.0,0.0,0.0,0.0,0.0,0.0,3,2,2,2,0,0,0,0,0.0,0.0,0.0,0.0,0.0,0.0,0.0,0.0,0.0,0.0,0.0,0.0,0.0,0.0,0.0,0.0,0.0,0.0,0.0,0.0,0.0,0.0,0.0,0.0,0.0,0.0,0.0,0.0,0.0,0.0,0.0,0.0,0.0,0.0
5,8,21.0,0.0,47.0,412.0,0.0,43.0,30.0,0.0,34.0,30.0,16.0,16.0,0.0,0.0,0.0,0.0,354.0,213.0,81.0,0.0,0.0,0.0,0.0,0.0,0.0,0.0,0.0,0.0,0.0,0.0,0.0,0.0,4,3,2,2,2,0,0,0,0.0,0.0,0.0,0.0,0.0,0.0,0.0,0.0,0.0,0.0,0.0,0.0,0.0,0.0,0.0,0.0,0.0,0.0,0.0,0.0,0.0,0.0,0.0,0.0,0.0,0.0,0.0,0.0,0.0,0.0,0.0,0.0,0.0,0.0
6,9,30.0,0.0,56.0,447.0,0.0,57.0,47.0,30.0,43.0,34.0,30.0,16.0,16.0,0.0,0.0,0.0,412.0,354.0,213.0,81.0,0.0,0.0,0.0,0.0,0.0,0.0,0.0,0.0,0.0,0.0,0.0,0.0,8,4,3,2,2,2,0,0,0.0,0.0,0.0,0.0,0.0,0.0,0.0,0.0,0.0,0.0,0.0,0.0,0.0,0.0,0.0,0.0,0.0,0.0,0.0,0.0,0.0,0.0,0.0,0.0,0.0,0.0,0.0,0.0,0.0,0.0,0.0,0.0,0.0,0.0
7,9,38.0,0.0,67.0,496.0,0.0,58.0,56.0,47.0,57.0,43.0,34.0,30.0,16.0,16.0,0.0,0.0,447.0,412.0,354.0,213.0,81.0,0.0,0.0,0.0,0.0,0.0,0.0,0.0,0.0,0.0,0.0,0.0,9,8,4,3,2,2,2,0,0.0,0.0,0.0,0.0,0.0,0.0,0.0,0.0,0.0,0.0,0.0,0.0,0.0,0.0,0.0,0.0,0.0,0.0,0.0,0.0,0.0,0.0,0.0,0.0,0.0,0.0,0.0,0.0,0.0,0.0,0.0,0.0,0.0,0.0
8,2,40.0,0.0,83.0,667.0,0.0,36.0,67.0,56.0,58.0,57.0,43.0,34.0,30.0,16.0,16.0,0.0,496.0,447.0,412.0,354.0,213.0,81.0,0.0,0.0,0.0,0.0,0.0,0.0,0.0,0.0,0.0,0.0,9,9,8,4,3,2,2,2,0.0,0.0,0.0,0.0,0.0,0.0,0.0,0.0,0.0,0.0,0.0,0.0,0.0,0.0,0.0,0.0,0.0,0.0,0.0,0.0,0.0,0.0,0.0,0.0,0.0,0.0,0.0,0.0,0.0,0.0,0.0,0.0,0.0,0.0
9,18,57.0,0.0,83.0,3066.0,0.0,96.0,83.0,67.0,36.0,58.0,57.0,43.0,34.0,30.0,16.0,16.0,667.0,496.0,447.0,412.0,354.0,213.0,81.0,0.0,0.0,0.0,0.0,0.0,0.0,0.0,0.0,0.0,2,9,9,8,4,3,2,2,0.0,0.0,0.0,0.0,0.0,0.0,0.0,0.0,0.0,0.0,0.0,0.0,0.0,0.0,0.0,0.0,0.0,0.0,0.0,0.0,0.0,0.0,0.0,0.0,0.0,0.0,0.0,0.0,0.0,0.0,0.0,0.0,0.0,0.0
10,19,69.0,0.0,133.0,4923.0,0.0,166.0,83.0,83.0,96.0,36.0,58.0,57.0,43.0,34.0,30.0,16.0,3066.0,667.0,496.0,447.0,412.0,354.0,213.0,81.0,0.0,0.0,0.0,0.0,0.0,0.0,0.0,0.0,18,2,9,9,8,4,3,2,0.0,0.0,0.0,0.0,0.0,0.0,0.0,0.0,0.0,0.0,0.0,0.0,0.0,0.0,0.0,0.0,0.0,0.0,0.0,0.0,0.0,0.0,0.0,0.0,0.0,0.0,0.0,0.0,0.0,0.0,0.0,0.0,0.0,0.0
11,34,107.0,0.0,172.0,5674.0,0.0,671.0,133.0,83.0,166.0,96.0,36.0,58.0,57.0,43.0,34.0,30.0,4923.0,3066.0,667.0,496.0,447.0,412.0,354.0,213.0,0.0,0.0,0.0,0.0,0.0,0.0,0.0,0.0,19,18,2,9,9,8,4,3,0.0,0.0,0.0,0.0,0.0,0.0,0.0,0.0,0.0,0.0,0.0,0.0,0.0,0.0,0.0,0.0,0.0,0.0,0.0,0.0,0.0,0.0,0.0,0.0,0.0,0.0,0.0,0.0,0.0,0.0,0.0,0.0,0.0,0.0
12,57,114.0,10.0,126.0,5011.0,0.0,396.0,172.0,133.0,671.0,166.0,96.0,36.0,58.0,57.0,43.0,34.0,5674.0,4923.0,3066.0,667.0,496.0,447.0,412.0,354.0,0.0,0.0,0.0,0.0,0.0,0.0,0.0,0.0,34,19,18,2,9,9,8,4,0.0,0.0,0.0,0.0,0.0,0.0,0.0,0.0,0.0,0.0,0.0,0.0,0.0,0.0,0.0,0.0,0.0,0.0,0.0,0.0,0.0,0.0,0.0,0.0,0.0,0.0,0.0,0.0,0.0,0.0,0.0,0.0,0.0,0.0
13,76,139.0,9.0,281.0,4592.0,0.0,567.0,126.0,172.0,396.0,671.0,166.0,96.0,36.0,58.0,57.0,43.0,5011.0,5674.0,4923.0,3066.0,667.0,496.0,447.0,412.0,0.0,0.0,0.0,0.0,0.0,0.0,0.0,0.0,57,34,19,18,2,9,9,8,0.0,0.0,0.0,0.0,0.0,0.0,0.0,0.0,0.0,0.0,0.0,0.0,0.0,0.0,0.0,0.0,0.0,0.0,0.0,0.0,0.0,0.0,0.0,0.0,0.0,0.0,0.0,0.0,0.0,0.0,0.0,0.0,0.0,0.0
14,86,139.0,18.0,374.0,4592.0,0.0,637.0,281.0,126.0,567.0,396.0,671.0,166.0,96.0,36.0,58.0,57.0,4592.0,5011.0,5674.0,4923.0,3066.0,667.0,496.0,447.0,0.0,0.0,0.0,0.0,0.0,0.0,0.0,0.0,76,57,34,19,18,2,9,9,0.0,0.0,0.0,0.0,0.0,0.0,0.0,0.0,0.0,0.0,0.0,0.0,0.0,0.0,0.0,0.0,0.0,0.0,0.0,0.0,0.0,0.0,0.0,0.0,0.0,0.0,0.0,0.0,0.0,0.0,0.0,0.0,0.0,0.0
15,117,206.0,17.0,323.0,6852.0,1.0,1122.0,374.0,281.0,637.0,567.0,396.0,671.0,166.0,96.0,36.0,58.0,4592.0,4592.0,5011.0,5674.0,4923.0,3066.0,667.0,496.0,0.0,0.0,0.0,0.0,0.0,0.0,0.0,0.0,86,76,57,34,19,18,2,9,0.0,0.0,0.0,0.0,0.0,0.0,0.0,0.0,0.0,0.0,0.0,0.0,0.0,0.0,0.0,0.0,0.0,57.5,0.0,0.0,0.0,0.0,0.0,0.0,0.0,0.0,0.0,0.0,0.0,0.0,0.0,0.0,0.0,0.0
16,194,89.0,20.0,351.0,6656.0,0.0,1037.0,323.0,374.0,1122.0,637.0,567.0,396.0,671.0,166.0,96.0,36.0,6852.0,4592.0,4592.0,5011.0,5674.0,4923.0,3066.0,667.0,1.0,0.0,0.0,0.0,0.0,0.0,0.0,0.0,117,86,76,57,34,19,18,2,0.0,0.0,0.0,0.0,0.0,0.0,0.0,0.0,0.0,0.0,0.0,0.0,0.0,0.0,0.0,0.0,0.0,96.0,96.0,0.0,0.0,0.0,0.0,0.0,0.0,0.0,0.0,0.0,0.0,0.0,0.0,0.0,0.0,0.0
17,143,89.0,20.0,488.0,8091.0,2.0,994.0,351.0,323.0,1037.0,1122.0,637.0,567.0,396.0,671.0,166.0,96.0,6656.0,6852.0,4592.0,4592.0,5011.0,5674.0,4923.0,3066.0,0.0,1.0,0.0,0.0,0.0,0.0,0.0,0.0,194,117,86,76,57,34,19,18,0.0,0.0,0.0,0.0,0.0,0.0,0.0,0.0,0.0,0.0,0.0,0.0,0.0,0.0,0.0,0.0,0.0,70.5,70.5,70.5,0.0,0.0,0.0,0.0,0.0,0.0,0.0,0.0,0.0,0.0,0.0,0.0,0.0,0.0
18,235,126.0,26.0,850.0,9008.0,3.0,1671.0,488.0,351.0,994.0,1037.0,1122.0,637.0,567.0,396.0,671.0,166.0,8091.0,6656.0,6852.0,4592.0,4592.0,5011.0,5674.0,4923.0,2.0,0.0,1.0,0.0,0.0,0.0,0.0,0.0,143,194,117,86,76,57,34,19,0.0,0.0,0.0,0.0,0.0,0.0,0.0,0.0,0.0,0.0,0.0,0.0,0.0,0.0,0.0,0.0,0.0,77.33333333333333,116.5,116.5,116.5,0.0,0.0,0.0,0.0,0.0,0.0,0.0,0.0,0.0,0.0,0.0,0.0,0.0
19,260,156.0,35.0,1059.0,13155.0,6.0,2122.0,850.0,488.0,1671.0,994.0,1037.0,1122.0,637.0,567.0,396.0,671.0,9008.0,8091.0,6656.0,6852.0,4592.0,4592.0,5011.0,5674.0,3.0,2.0,0.0,1.0,0.0,0.0,0.0,0.0,235,143,194,117,86,76,57,34,0.0,0.0,0.0,0.0,0.0,0.0,0.0,0.0,0.0,0.0,0.0,0.0,0.0,0.0,0.0,0.0,0.0,64.0,85.66666666666667,129.0,129.0,129.0,0.0,0.0,0.0,0.0,0.0,0.0,0.0,0.0,0.0,0.0,0.0,0.0
20,320,169.0,41.0,1152.0,12562.0,2.0,1925.0,1059.0,850.0,2122.0,1671.0,994.0,1037.0,1122.0,637.0,567.0,396.0,13155.0,9008.0,8091.0,6656.0,6852.0,4592.0,4592.0,5011.0,6.0,3.0,2.0,0.0,1.0,0.0,0.0,0.0,260,235,143,194,117,86,76,57,0.0,0.0,0.0,0.0,0.0,0.0,0.0,0.0,0.0,0.0,0.0,0.0,0.0,0.0,0.0,0.0,0.0,39.0,79.0,105.66666666666667,159.0,159.0,159.0,0.0,0.0,0.0,0.0,0.0,0.0,0.0,0.0,0.0,0.0,0.0
21,460,201.0,47.0,1402.0,11842.0,9.0,1895.0,1152.0,1059.0,1925.0,2122.0,1671.0,994.0,1037.0,1122.0,637.0,567.0,12562.0,13155.0,9008.0,8091.0,6656.0,6852.0,4592.0,4592.0,2.0,6.0,3.0,2.0,0.0,1.0,0.0,0.0,320,260,235,143,194,117,86,76,0.0,0.0,0.0,0.0,0.0,0.0,0.0,0.0,0.0,0.0,0.0,0.0,0.0,0.0,0.0,0.0,0.0,50.111111111111114,56.5,114.0,152.33333333333334,229.0,229.0,229.0,0.0,0.0,0.0,0.0,0.0,0.0,0.0,0.0,0.0,0.0
22,302,203.0,48.0,1783.0,11842.0,10.0,1800.0,1402.0,1152.0,1895.0,1925.0,2122.0,1671.0,994.0,1037.0,1122.0,637.0,11842.0,12562.0,13155.0,9008.0,8091.0,6656.0,6852.0,4592.0,9.0,2.0,6.0,3.0,2.0,0.0,1.0,0.0,460,320,260,235,143,194,117,86,0.0,0.0,0.0,0.0,0.0,0.0,0.0,0.0,0.0,0.0,0.0,0.0,0.0,0.0,0.0,0.0,0.0,32.55555555555556,32.55555555555556,36.75,74.5,99.66666666666667,150.0,150.0,150.0,0.0,0.0,0.0,0.0,0.0,0.0,0.0,0.0,0.0
23,633,276.0,61.0,1591.0,13624.0,10.0,5681.0,1783.0,1402.0,1800.0,1895.0,1925.0,2122.0,1671.0,994.0,1037.0,1122.0,11842.0,11842.0,12562.0,13155.0,9008.0,8091.0,6656.0,6852.0,10.0,9.0,2.0,6.0,3.0,2.0,0.0,1.0,302,460,320,260,235,143,194,117,0.0,0.0,0.0,0.0,0.0,0.0,0.0,0.0,0.0,0.0,0.0,0.0,0.0,0.0,0.0,0.0,0.0,315.5,69.33333333333333,69.33333333333333,78.125,157.25,210.0,315.5,315.5,315.5,0.0,0.0,0.0,0.0,0.0,0.0,0.0,0.0
24,549,191.0,61.0,1995.0,14994.0,17.0,1102.0,1591.0,1783.0,5681.0,1800.0,1895.0,1925.0,2122.0,1671.0,994.0,1037.0,13624.0,11842.0,11842.0,12562.0,13155.0,9008.0,8091.0,6656.0,10.0,10.0,9.0,2.0,6.0,3.0,2.0,0.0,633,302,460,320,260,235,143,194,0.0,0.0,0.0,0.0,0.0,0.0,0.0,0.0,0.0,0.0,0.0,0.0,0.0,0.0,0.0,0.0,0.0,29.5,273.5,60.0,60.0,67.625,136.25,182.0,273.5,273.5,273.5,0.0,0.0,0.0,0.0,0.0,0.0,0.0
25,724,354.0,71.0,3995.0,19816.0,16.0,3174.0,1995.0,1591.0,1102.0,5681.0,1800.0,1895.0,1925.0,2122.0,1671.0,994.0,14994.0,13624.0,11842.0,11842.0,12562.0,13155.0,9008.0,8091.0,17.0,10.0,10.0,9.0,2.0,6.0,3.0,2.0,549,633,302,460,320,260,235,143,0.0,0.0,0.0,0.0,0.0,0.0,0.0,0.0,0.0,0.0,0.0,0.0,0.0,0.0,0.0,0.0,0.0,37.10526315789474,39.22222222222222,361.0,79.44444444444444,79.44444444444444,89.5,180.0,240.33333333333334,361.0,361.0,361.0,0.0,0.0,0.0,0.0,0.0,0.0
26,902,418.0,89.0,4938.0,19927.0,24.0,7323.0,3995.0,1995.0,3174.0,1102.0,5681.0,1800.0,1895.0,1925.0,2122.0,1671.0,19816.0,14994.0,13624.0,11842.0,11842.0,12562.0,13155.0,9008.0,16.0,17.0,10.0,10.0,9.0,2.0,6.0,3.0,724,549,633,302,460,320,260,235,0.0,0.0,0.0,0.0,0.0,0.0,0.0,0.0,0.0,0.0,0.0,0.0,0.0,0.0,0.0,0.0,0.0,25.529411764705884,46.473684210526315,49.111111111111114,450.0,99.22222222222223,99.22222222222223,111.75,224.5,299.6666666666667,450.0,450.0,450.0,0.0,0.0,0.0,0.0,0.0
27,792,486.0,138.0,5508.0,17785.0,19.0,5288.0,4938.0,3995.0,7323.0,3174.0,1102.0,5681.0,1800.0,1895.0,1925.0,2122.0,19927.0,19816.0,14994.0,13624.0,11842.0,11842.0,12562.0,13155.0,24.0,16.0,17.0,10.0,10.0,9.0,2.0,6.0,902,724,549,633,302,460,320,260,0.0,0.0,0.0,0.0,0.0,0.0,0.0,0.0,0.0,0.0,0.0,0.0,0.0,0.0,0.0,0.0,0.0,12.894736842105264,22.294117647058822,40.68421052631579,43.0,395.0,87.0,87.0,98.0,197.0,263.0,395.0,395.0,395.0,0.0,0.0,0.0,0.0
28,446,571.0,164.0,4845.0,11482.0,21.0,6164.0,5508.0,4938.0,5288.0,7323.0,3174.0,1102.0,5681.0,1800.0,1895.0,1925.0,17785.0,19927.0,19816.0,14994.0,13624.0,11842.0,11842.0,12562.0,19.0,24.0,16.0,17.0,10.0,10.0,9.0,2.0,792,902,724,549,633,302,460,320,0.0,0.0,0.0,0.0,0.0,0.0,0.0,0.0,0.0,0.0,0.0,0.0,0.0,0.0,0.0,0.0,0.0,4.868421052631579,6.824561403508772,12.117647058823529,22.473684210526315,23.77777777777778,222.0,48.55555555555556,48.55555555555556,54.75,110.5,147.66666666666666,222.0,222.0,222.0,0.0,0.0,0.0
29,1035,627.0,188.0,4610.0,19260.0,20.0,7880.0,4845.0,5508.0,6164.0,5288.0,7323.0,3174.0,1102.0,5681.0,1800.0,1895.0,11482.0,17785.0,19927.0,19816.0,14994.0,13624.0,11842.0,11842.0,21.0,19.0,24.0,16.0,17.0,10.0,10.0,9.0,446,792,902,724,549,633,302,460,0.0,0.0,0.0,0.0,0.0,0.0,0.0,0.0,0.0,0.0,0.0,0.0,0.0,0.0,0.0,0.0,0.0,11.034883720930232,12.618421052631579,17.157894736842106,29.441176470588236,53.473684210526315,56.5,516.5,114.0,114.0,128.375,257.75,344.0,516.5,516.5,516.5,0.0,0.0
30,808,726.0,230.0,4957.0,20275.0,27.0,7371.0,4610.0,4845.0,7880.0,6164.0,5288.0,7323.0,3174.0,1102.0,5681.0,1800.0,19260.0,11482.0,17785.0,19927.0,19816.0,14994.0,13624.0,11842.0,20.0,21.0,19.0,24.0,16.0,17.0,10.0,10.0,1035,446,792,902,724,549,633,302,26.0,0.0,0.0,0.0,0.0,0.0,0.0,0.0,0.0,0.0,0.0,0.0,0.0,0.0,0.0,0.0,0.0,5.905982905982906,8.395348837209303,9.631578947368421,13.175438596491228,22.764705882352942,41.526315789473685,43.888888888888886,403.0,88.77777777777777,88.77777777777777,100.0,201.0,268.3333333333333,403.0,403.0,403.0,0.0
31,783,1042.0,240.0,4958.0,21798.0,22.0,7438.0,4957.0,4610.0,7371.0,7880.0,6164.0,5288.0,7323.0,3174.0,1102.0,5681.0,20275.0,19260.0,11482.0,17785.0,19927.0,19816.0,14994.0,13624.0,27.0,20.0,21.0,19.0,24.0,16.0,17.0,10.0,808,1035,446,792,902,724,549,633,0.0,21.0,0.0,0.0,0.0,0.0,0.0,0.0,0.0,0.0,0.0,0.0,0.0,0.0,0.0,0.0,0.0,3.036082474226804,5.6923076923076925,8.104651162790697,9.302631578947368,12.736842105263158,22.029411764705884,40.21052631578947,42.5,390.5,86.0,86.0,96.875,194.75,260.0,390.5,390.5,390.5
32,852,1058.0,245.0,5392.0,22556.0,37.0,7482.0,4958.0,4957.0,7438.0,7371.0,7880.0,6164.0,5288.0,7323.0,3174.0,1102.0,21798.0,20275.0,19260.0,11482.0,17785.0,19927.0,19816.0,14994.0,22.0,27.0,20.0,21.0,19.0,24.0,16.0,17.0,783,808,1035,446,792,902,724,549,17.5,0.0,36.0,0.0,0.0,0.0,0.0,0.0,0.0,0.0,0.0,0.0,0.0,0.0,0.0,0.0,0.0,4.958041958041958,3.3917525773195876,6.282051282051282,8.906976744186046,10.210526315789474,13.947368421052632,24.058823529411764,43.8421052631579,46.333333333333336,425.0,93.66666666666667,93.66666666666667,105.5,212.0,283.0,425.0,425.0
33,638,1075.0,251.0,5518.0,22858.0,20.0,6710.0,5392.0,4958.0,7482.0,7438.0,7371.0,7880.0,6164.0,5288.0,7323.0,3174.0,22556.0,21798.0,20275.0,19260.0,11482.0,17785.0,19927.0,19816.0,37.0,22.0,27.0,20.0,21.0,19.0,24.0,16.0,852,783,808,1035,446,792,902,724,5.666666666666667,9.0,0.0,19.0,0.0,0.0,0.0,0.0,0.0,0.0,0.0,0.0,0.0,0.0,0.0,0.0,0.0,1.7148936170212765,3.4615384615384617,2.288659793814433,4.452991452991453,6.4186046511627906,7.394736842105263,10.192982456140351,17.764705882352942,32.578947368421055,34.44444444444444,318.0,69.88888888888889,69.88888888888889,78.75,158.5,211.66666666666666,318.0
34,754,1084.0,267.0,4962.0,23209.0,29.0,5283.0,5518.0,5392.0,6710.0,7482.0,7438.0,7371.0,7880.0,6164.0,5288.0,7323.0,22858.0,22556.0,21798.0,20275.0,19260.0,11482.0,17785.0,19927.0,20.0,37.0,22.0,27.0,20.0,21.0,19.0,24.0,638,852,783,808,1035,446,792,902,3.8333333333333335,8.666666666666666,13.5,0.0,28.0,0.0,0.0,0.0,0.0,0.0,0.0,0.0,0.0,0.0,0.0,0.0,0.0,1.9,2.2085106382978723,4.2727272727272725,2.88659793814433,5.444444444444445,7.767441860465116,8.921052631578947,12.228070175438596,21.176470588235293,38.68421052631579,40.888888888888886,376.0,82.77777777777777,82.77777777777777,93.25,187.5,250.33333333333334
35,452,1099.0,270.0,4500.0,23470.0,16.0,5424.0,4962.0,5518.0,5283.0,6710.0,7482.0,7438.0,7371.0,7880.0,6164.0,5288.0,23209.0,22858.0,22556.0,21798.0,20275.0,19260.0,11482.0,17785.0,29.0,20.0,37.0,22.0,27.0,20.0,21.0,19.0,754,638,852,783,808,1035,446,792,7.0,1.6666666666666667,4.333333333333333,7.0,0.0,15.0,0.0,0.0,0.0,0.0,0.0,0.0,0.0,0.0,0.0,0.0,0.0,0.4125,0.7384615384615385,0.9234042553191489,2.160839160839161,1.3298969072164948,2.8632478632478633,4.255813953488372,4.947368421052632,6.9298245614035086,12.294117647058824,22.789473684210527,24.11111111111111,225.0,49.22222222222222,49.22222222222222,55.5,112.0
36,712,1180.0,271.0,4442.0,25070.0,34.0,7936.0,4500.0,4962.0,5424.0,5283.0,6710.0,7482.0,7438.0,7371.0,7880.0,6164.0,23470.0,23209.0,22858.0,22556.0,21798.0,20275.0,19260.0,11482.0,16.0,29.0,20.0,37.0,22.0,27.0,20.0,21.0,452,754,638,852,783,808,1035,446,2.7777777777777777,16.0,4.666666666666667,10.333333333333334,16.0,0.0,33.0,0.0,0.0,0.0,0.0,0.0,0.0,0.0,0.0,0.0,0.0,0.5478260869565217,1.225,1.7384615384615385,2.029787234042553,3.979020979020979,2.670103092783505,5.085470085470085,7.27906976744186,8.368421052631579,11.491228070175438,19.941176470588236,36.473684210526315,38.55555555555556,355.0,78.11111111111111,78.11111111111111,88.0
37,699,1211.0,245.0,5903.0,24481.0,35.0,5156.0,4442.0,4500.0,7936.0,5424.0,5283.0,6710.0,7482.0,7438.0,7371.0,7880.0,25070.0,23470.0,23209.0,22858.0,22556.0,21798.0,20275.0,19260.0,34.0,16.0,29.0,20.0,37.0,22.0,27.0,20.0,712,452,754,638,852,783,808,1035,2.5,2.888888888888889,16.5,4.833333333333333,10.666666666666666,16.5,0.0,34.0,0.0,0.0,0.0,0.0,0.0,0.0,0.0,0.0,0.0,1.314569536423841,0.5195652173913043,1.184375,1.6884615384615385,1.974468085106383,3.888111888111888,2.6030927835051547,4.9743589743589745,7.127906976744186,8.197368421052632,11.263157894736842,19.558823529411764,35.78947368421053,37.833333333333336,348.5,76.66666666666667,76.66666666666667
38,815,1173.0,241.0,3801.0,24708.0,29.0,10272.0,5903.0,4442.0,5156.0,7936.0,5424.0,5283.0,6710.0,7482.0,7438.0,7371.0,24481.0,25070.0,23470.0,23209.0,22858.0,22556.0,21798.0,20275.0,35.0,34.0,16.0,29.0,20.0,37.0,22.0,27.0,699,712,452,754,638,852,783,808,1.9,1.9,2.2222222222222223,13.5,3.8333333333333335,8.666666666666666,13.5,0.0,28.0,0.0,0.0,0.0,0.0,0.0,0.0,0.0,0.0,0.28751974723538704,1.6986754966887416,0.7717391304347826,1.546875,2.1346153846153846,2.4680851063829787,4.699300699300699,3.2010309278350517,5.965811965811966,8.476744186046512,9.723684210526315,13.298245614035087,22.970588235294116,41.89473684210526,44.27777777777778,406.5,89.55555555555556
39,1516,1179.0,226.0,4509.0,25914.0,26.0,8406.0,3801.0,5903.0,10272.0,5156.0,7936.0,5424.0,5283.0,6710.0,7482.0,7438.0,24708.0,24481.0,25070.0,23470.0,23209.0,22858.0,22556.0,21798.0,29.0,35.0,34.0,16.0,29.0,20.0,37.0,22.0,815,699,712,452,754,638,852,783,0.5294117647058824,1.6,1.6,1.8888888888888888,12.0,3.3333333333333335,7.666666666666667,12.0,0.0,25.0,0.0,0.0,0.0,0.0,0.0,0.0,0.0,1.761384335154827,1.3949447077409163,4.0198675496688745,2.2956521739130435,3.7375,4.8307692307692305,5.451063829787234,9.601398601398602,6.814432989690721,11.957264957264957,16.627906976744185,18.94736842105263,25.596491228070175,43.588235294117645,78.78947368421052,83.22222222222223,757.0
40,515,1175.0,233.0,3961.0,25432.0,35.0,6736.0,4509.0,3801.0,8406.0,10272.0,5156.0,7936.0,5424.0,5283.0,6710.0,7482.0,25914.0,24708.0,24481.0,25070.0,23470.0,23209.0,22858.0,22556.0,26.0,29.0,35.0,34.0,16.0,29.0,20.0,37.0,1516,815,699,712,452,754,638,852,1.1875,1.0588235294117647,2.5,2.5,2.888888888888889,16.5,4.833333333333333,10.666666666666666,16.5,0.0,34.0,0.0,0.0,0.0,0.0,0.0,0.0,-0.2886740331491713,-0.061930783242258654,-0.18641390205371247,0.7052980132450332,0.11956521739130435,0.609375,0.9807692307692307,1.1914893617021276,2.6013986013986012,1.6546391752577319,3.4017094017094016,4.988372093023256,5.776315789473684,8.035087719298245,14.147058823529411,26.105263157894736,27.61111111111111
41,598,1177.0,228.0,3611.0,25041.0,34.0,5943.0,3961.0,4509.0,6736.0,8406.0,10272.0,5156.0,7936.0,5424.0,5283.0,6710.0,25432.0,25914.0,24708.0,24481.0,25070.0,23470.0,23209.0,22858.0,35.0,26.0,29.0,35.0,34.0,16.0,29.0,20.0,515,1516,815,699,712,452,754,638,0.4166666666666667,1.125,1.0,2.4,2.4,2.7777777777777777,16.0,4.666666666666667,10.333333333333334,16.0,0.0,33.0,0.0,0.0,0.0,0.0,0.0,-0.3370288248337029,-0.17403314917127072,0.08925318761384335,-0.05529225908372828,0.9801324503311258,0.3,0.86875,1.3,1.5446808510638297,3.1818181818181817,2.082474226804124,4.111111111111111,5.953488372093023,6.868421052631579,9.491228070175438,16.58823529411765,30.473684210526315
42,349,1187.0,188.0,3264.0,26989.0,31.0,2941.0,3611.0,3961.0,5943.0,6736.0,8406.0,10272.0,5156.0,7936.0,5424.0,5283.0,25041.0,25432.0,25914.0,24708.0,24481.0,25070.0,23470.0,23209.0,34.0,35.0,26.0,29.0,35.0,34.0,16.0,29.0,598,515,1516,815,699,712,452,754,0.631578947368421,0.2916666666666667,0.9375,0.8235294117647058,2.1,2.1,2.4444444444444446,14.5,4.166666666666667,9.333333333333334,14.5,0.0,30.0,0.0,0.0,0.0,0.0,-0.5593434343434344,-0.6130820399113082,-0.5179558011049724,-0.36429872495446264,-0.4486571879936809,0.15562913907284767,-0.24130434782608695,0.090625,0.3423076923076923,0.4851063829787234,1.4405594405594406,0.7989690721649485,1.982905982905983,3.058139534883721,3.5921052631578947,5.12280701754386,9.264705882352942
43,514,1227.0,218.0,2474.0,23265.0,32.0,3330.0,3264.0,3611.0,2941.0,5943.0,6736.0,8406.0,10272.0,5156.0,7936.0,5424.0,26989.0,25041.0,25432.0,25914.0,24708.0,24481.0,25070.0,23470.0,31.0,34.0,35.0,26.0,29.0,35.0,34.0,16.0,349,598,515,1516,815,699,712,452,0.5238095238095238,0.6842105263157895,0.3333333333333333,1.0,0.8823529411764706,2.2,2.2,2.5555555555555554,15.0,4.333333333333333,9.666666666666666,15.0,0.0,31.0,0.0,0.0,0.0,0.15246636771300448,-0.351010101010101,-0.43015521064301554,-0.2900552486187845,-0.06375227686703097,-0.18799368088467613,0.7019867549668874,0.11739130434782609,0.60625,0.9769230769230769,1.1872340425531915,2.5944055944055946,1.6494845360824741,3.393162393162393,4.976744186046512,5.7631578947368425,8.017543859649123
44,643,1200.0,208.0,4060.0,26144.0,32.0,8290.0,2474.0,3264.0,3330.0,2941.0,5943.0,6736.0,8406.0,10272.0,5156.0,7936.0,23265.0,26989.0,25041.0,25432.0,25914.0,24708.0,24481.0,25070.0,32.0,31.0,34.0,35.0,26.0,29.0,35.0,34.0,514,349,598,515,1516,815,699,712,0.6,0.5238095238095238,0.6842105263157895,0.3333333333333333,1.0,0.8823529411764706,2.2,2.2,2.5555555555555554,15.0,4.333333333333333,9.666666666666666,15.0,0.0,31.0,0.0,0.0,-0.37874396135265703,0.44170403587443946,-0.18813131313131312,-0.28713968957871394,-0.11187845303867404,0.17122040072859745,0.01579778830963665,1.1291390728476822,0.3978260869565217,1.009375,1.4730769230769232,1.7361702127659575,3.4965034965034967,2.314432989690722,4.495726495726496,6.476744186046512,7.4605263157894735
45,750,1302.0,229.0,3910.0,26065.0,30.0,3923.0,4060.0,2474.0,8290.0,3330.0,2941.0,5943.0,6736.0,8406.0,10272.0,5156.0,26144.0,23265.0,26989.0,25041.0,25432.0,25914.0,24708.0,24481.0,32.0,32.0,31.0,34.0,35.0,26.0,29.0,35.0,643,514,349,598,515,1516,815,699,0.1111111111111111,0.5,0.42857142857142855,0.5789473684210527,0.25,0.875,0.7647058823529411,2.0,2.0,2.3333333333333335,14.0,4.0,9.0,14.0,0.0,29.0,0.0,-0.07178217821782178,-0.2753623188405797,0.6816143497757847,-0.05303030303030303,-0.16851441241685144,0.03591160220994475,0.366120218579235,0.1848341232227488,1.4834437086092715,0.6304347826086957,1.34375,1.8846153846153846,2.1914893617021276,4.244755244755245,2.865979381443299,5.410256410256411,7.72093023255814
46,181,1284.0,222.0,4805.0,25456.0,28.0,4213.0,3910.0,4060.0,3923.0,8290.0,3330.0,2941.0,5943.0,6736.0,8406.0,10272.0,26065.0,26144.0,23265.0,26989.0,25041.0,25432.0,25914.0,24708.0,30.0,32.0,32.0,31.0,34.0,35.0,26.0,29.0,750,643,514,349,598,515,1516,815,0.2727272727272727,0.037037037037037035,0.4,0.3333333333333333,0.47368421052631576,0.16666666666666666,0.75,0.6470588235294118,1.8,1.8,2.111111111111111,13.0,3.6666666666666665,8.333333333333334,13.0,0.0,27.0,-0.768837803320562,-0.775990099009901,-0.8251207729468599,-0.594170403587444,-0.7714646464646465,-0.7993348115299335,-0.75,-0.6703096539162113,-0.7140600315955766,-0.40066225165562913,-0.6065217391304348,-0.434375,-0.3038461538461538,-0.2297872340425532,0.26573426573426573,-0.06701030927835051,0.5470085470085471
47,663,1253.0,228.0,5166.0,25456.0,30.0,3771.0,4805.0,3910.0,4213.0,3923.0,8290.0,3330.0,2941.0,5943.0,6736.0,8406.0,25456.0,26065.0,26144.0,23265.0,26989.0,25041.0,25432.0,25914.0,28.0,30.0,32.0,32.0,31.0,34.0,35.0,26.0,181,750,643,514,349,598,515,1516,-0.1891891891891892,0.36363636363636365,0.1111111111111111,0.5,0.42857142857142855,0.5789473684210527,0.25,0.875,0.7647058823529411,2.0,2.0,2.3333333333333335,14.0,4.0,9.0,14.0,0.0,-0.22183098591549297,-0.1532567049808429,-0.17945544554455445,-0.35942028985507246,0.48654708520179374,-0.16287878787878787,-0.26496674057649666,-0.08425414364640885,0.20765027322404372,0.04739336492890995,1.195364238410596,0.44130434782608696,1.071875,1.55,1.8212765957446808,3.6363636363636362,2.417525773195876
48,521,1243.0,224.0,4959.0,27947.0,27.0,24893.0,5166.0,4805.0,3771.0,4213.0,3923.0,8290.0,3330.0,2941.0,5943.0,6736.0,25456.0,25456.0,26065.0,26144.0,23265.0,26989.0,25041.0,25432.0,30.0,28.0,30.0,32.0,32.0,31.0,34.0,35.0,663,181,750,643,514,349,598,515,0.35,-0.2702702702702703,0.22727272727272727,0.0,0.35,0.2857142857142857,0.42105263157894735,0.125,0.6875,0.5882352941176471,1.7,1.7,2.0,12.5,3.5,8.0,12.5,-0.1833855799373041,-0.3884976525821596,-0.334610472541507,-0.3551980198019802,-0.4966183574879227,0.1681614349775785,-0.3421717171717172,-0.4223946784922395,-0.2803867403314917,-0.051001821493624776,-0.1769352290679305,0.7251655629139073,0.13260869565217392,0.628125,1.0038461538461538,1.2170212765957447,2.6433566433566433
49,657,1208.0,215.0,4739.0,30805.0,21.0,10749.0,4959.0,5166.0,24893.0,3771.0,4213.0,3923.0,8290.0,3330.0,2941.0,5943.0,27947.0,25456.0,25456.0,26065.0,26144.0,23265.0,26989.0,25041.0,27.0,30.0,28.0,30.0,32.0,32.0,31.0,34.0,521,663,181,750,643,514,349,598,-0.27586206896551724,0.05,-0.43243243243243246,-0.045454545454545456,-0.2222222222222222,0.05,0.0,0.10526315789473684,-0.125,0.3125,0.23529411764705882,1.1,1.1,1.3333333333333333,9.5,2.5,6.0,-0.1286472148541114,0.029780564263322883,-0.22887323943661972,-0.16091954022988506,-0.18688118811881188,-0.3652173913043478,0.4730941704035874,-0.17045454545454544,-0.27161862527716185,-0.0925414364640884,0.19672131147540983,0.037914691943127965,1.1754966887417218,0.4282608695652174,1.053125,1.5269230769230768,1.7957446808510638
50,516,1172.0,213.0,5009.0,30646.0,27.0,4416.0,4739.0,4959.0,10749.0,24893.0,3771.0,4213.0,3923.0,8290.0,3330.0,2941.0,30805.0,27947.0,25456.0,25456.0,26065.0,26144.0,23265.0,26989.0,21.0,27.0,30.0,28.0,30.0,32.0,32.0,31.0,657,521,663,181,750,643,514,349,0.6875,-0.06896551724137931,0.35,-0.2702702702702703,0.22727272727272727,0.0,0.35,0.2857142857142857,0.42105263157894735,0.125,0.6875,0.5882352941176471,1.7,1.7,2.0,12.5,3.5,0.1415929203539823,-0.3156498673740053,-0.19122257053291536,-0.39436619718309857,-0.34099616858237547,-0.3613861386138614,-0.5014492753623189,0.15695067264573992,-0.3484848484848485,-0.4279379157427938,-0.287292817679558,-0.060109289617486336,-0.1848341232227488,0.7086092715231788,0.12173913043478261,0.6125,0.9846153846153847
51,603,1146.0,207.0,3219.0,30646.0,23.0,7533.0,5009.0,4739.0,4416.0,10749.0,24893.0,3771.0,4213.0,3923.0,8290.0,3330.0,30646.0,30805.0,27947.0,25456.0,25456.0,26065.0,26144.0,23265.0,27.0,21.0,27.0,30.0,28.0,30.0,32.0,32.0,516,657,521,663,181,750,643,514,-0.3235294117647059,0.4375,-0.20689655172413793,0.15,-0.3783783783783784,0.045454545454545456,-0.14814814814814814,0.15,0.09523809523809523,0.21052631578947367,-0.041666666666666664,0.4375,0.35294117647058826,1.3,1.3,1.5555555555555556,10.5,-0.15308988764044945,0.334070796460177,-0.2002652519893899,-0.054858934169279,-0.29225352112676056,-0.22988505747126436,-0.2537128712871287,-0.41739130434782606,0.35201793721973096,-0.23863636363636365,-0.33148558758314856,-0.1671270718232044,0.09836065573770492,-0.04739336492890995,0.9966887417218543,0.3108695652173913,0.884375
52,371,1095.0,204.0,4048.0,30342.0,35.0,9546.0,3219.0,5009.0,7533.0,4416.0,10749.0,24893.0,3771.0,4213.0,3923.0,8290.0,30646.0,30646.0,30805.0,27947.0,25456.0,25456.0,26065.0,26144.0,23.0,27.0,21.0,27.0,30.0,28.0,30.0,32.0,603,516,657,521,663,181,750,643,0.0,0.029411764705882353,1.1875,0.20689655172413793,0.75,-0.05405405405405406,0.5909090909090909,0.2962962962962963,0.75,0.6666666666666666,0.8421052631578947,0.4583333333333333,1.1875,1.0588235294117647,2.5,2.5,2.888888888888889,-0.46924177396280403,-0.4789325842696629,-0.17920353982300885,-0.5079575596816976,-0.41849529780564265,-0.5645539906103286,-0.5261813537675607,-0.5408415841584159,-0.6415458937198067,-0.1681614349775785,-0.5315656565656566,-0.5886917960088692,-0.48756906077348067,-0.3242258652094718,-0.41390205371248023,0.22847682119205298,-0.1934782608695652
53,444,1068.0,188.0,4377.0,29621.0,34.0,7545.0,4048.0,3219.0,9546.0,7533.0,4416.0,10749.0,24893.0,3771.0,4213.0,3923.0,30342.0,30646.0,30646.0,30805.0,27947.0,25456.0,25456.0,26065.0,35.0,23.0,27.0,21.0,27.0,30.0,28.0,30.0,371,603,516,657,521,663,181,750,0.1724137931034483,-0.02857142857142857,0.0,1.125,0.1724137931034483,0.7,-0.08108108108108109,0.5454545454545454,0.25925925925925924,0.7,0.6190476190476191,0.7894736842105263,0.4166666666666667,1.125,1.0,2.4,2.4,-0.45521472392638035,-0.3648068669527897,-0.37640449438202245,-0.017699115044247787,-0.41114058355437666,-0.30407523510971785,-0.4788732394366197,-0.4329501915708812,-0.4504950495049505,-0.5710144927536231,-0.004484304932735426,-0.4393939393939394,-0.5077605321507761,-0.3867403314917127,-0.1912568306010929,-0.2985781990521327,0.47019867549668876
54,474,1040.0,186.0,4783.0,29932.0,26.0,4223.0,4377.0,4048.0,7545.0,9546.0,7533.0,4416.0,10749.0,24893.0,3771.0,4213.0,29621.0,30342.0,30646.0,30646.0,30805.0,27947.0,25456.0,25456.0,34.0,35.0,23.0,27.0,21.0,27.0,30.0,28.0,444,371,603,516,657,521,663,181,0.0,-0.10344827586206896,-0.2571428571428571,-0.23529411764705882,0.625,-0.10344827586206896,0.3,-0.2972972972972973,0.18181818181818182,-0.037037037037037035,0.3,0.23809523809523808,0.3684210526315789,0.08333333333333333,0.625,0.5294117647058824,1.6,-0.6873350923482849,-0.41840490797546015,-0.3218884120171674,-0.3342696629213483,0.048672566371681415,-0.3713527851458886,-0.25705329153605017,-0.44366197183098594,-0.3946360153256705,-0.41336633663366334,-0.5420289855072464,0.06278026905829596,-0.4015151515151515,-0.4745011086474501,-0.3453038674033149,-0.1366120218579235,-0.25118483412322273
55,412,1005.0,182.0,4673.0,30453.0,23.0,4613.0,4783.0,4377.0,4223.0,7545.0,9546.0,7533.0,4416.0,10749.0,24893.0,3771.0,29932.0,29621.0,30342.0,30646.0,30646.0,30805.0,27947.0,25456.0,26.0,34.0,35.0,23.0,27.0,21.0,27.0,30.0,474,444,371,603,516,657,521,663,-0.34285714285714286,-0.11538461538461539,-0.20689655172413793,-0.34285714285714286,-0.3235294117647059,0.4375,-0.20689655172413793,0.15,-0.3783783783783784,0.045454545454545456,-0.14814814814814814,0.15,0.09523809523809523,0.21052631578947367,-0.041666666666666664,0.4375,0.35294117647058826,-0.2,-0.7282321899736148,-0.49447852760736194,-0.4105865522174535,-0.42134831460674155,-0.08849557522123894,-0.4535809018567639,-0.3542319749216301,-0.5164319248826291,-0.47381864623243936,-0.4900990099009901,-0.6019323671497585,-0.07623318385650224,-0.4797979797979798,-0.5432372505543237,-0.430939226519337,-0.2495446265938069
56,163,995.0,176.0,5091.0,30703.0,25.0,1161.0,4673.0,4783.0,4613.0,4223.0,7545.0,9546.0,7533.0,4416.0,10749.0,24893.0,30453.0,29932.0,29621.0,30342.0,30646.0,30646.0,30805.0,27947.0,23.0,26.0,34.0,35.0,23.0,27.0,21.0,27.0,412,474,444,371,603,516,657,521,-0.2647058823529412,-0.2857142857142857,-0.038461538461538464,-0.13793103448275862,-0.2857142857142857,-0.2647058823529412,0.5625,-0.13793103448275862,0.25,-0.32432432432432434,0.13636363636363635,-0.07407407407407407,0.25,0.19047619047619047,0.3157894736842105,0.041666666666666664,0.5625,-0.7274247491638796,-0.683495145631068,-0.8924802110817942,-0.8,-0.7668097281831188,-0.7710674157303371,-0.6393805309734514,-0.7838196286472149,-0.7445141065830722,-0.8086854460093896,-0.7918263090676884,-0.7982673267326733,-0.842512077294686,-0.6345291479820628,-0.7941919191919192,-0.8192904656319291,-0.7748618784530387
57,295,936.0,172.0,3563.0,29559.0,20.0,1494.0,5091.0,4673.0,1161.0,4613.0,4223.0,7545.0,9546.0,7533.0,4416.0,10749.0,30703.0,30453.0,29932.0,29621.0,30342.0,30646.0,30646.0,30805.0,25.0,23.0,26.0,34.0,35.0,23.0,27.0,21.0,163,412,474,444,371,603,516,657,-0.3548387096774194,-0.4117647058823529,-0.42857142857142855,-0.23076923076923078,-0.3103448275862069,-0.42857142857142855,-0.4117647058823529,0.25,-0.3103448275862069,0.0,-0.4594594594594595,-0.09090909090909091,-0.25925925925925924,0.0,-0.047619047619047616,0.05263157894736842,-0.16666666666666666,-0.15472779369627507,-0.5066889632107023,-0.42718446601941745,-0.8054089709762533,-0.6380368098159509,-0.5779685264663805,-0.5856741573033708,-0.3473451327433628,-0.6087533156498673,-0.5376175548589341,-0.653755868544601,-0.6232439335887612,-0.6349009900990099,-0.714975845410628,-0.33856502242152464,-0.6275252525252525,-0.6729490022172949
58,183,980.0,169.0,3825.0,29568.0,25.0,4590.0,3563.0,5091.0,1494.0,1161.0,4613.0,4223.0,7545.0,9546.0,7533.0,4416.0,29559.0,30703.0,30453.0,29932.0,29621.0,30342.0,30646.0,30646.0,20.0,25.0,23.0,26.0,34.0,35.0,23.0,27.0,295,163,412,474,444,371,603,516,-0.21875,-0.1935483870967742,-0.2647058823529412,-0.2857142857142857,-0.038461538461538464,-0.13793103448275862,-0.2857142857142857,-0.2647058823529412,0.5625,-0.13793103448275862,0.25,-0.32432432432432434,0.13636363636363635,-0.07407407407407407,0.25,0.19047619047619047,0.3157894736842105,-0.6439688715953308,-0.47564469914040114,-0.6939799331103679,-0.6446601941747573,-0.8792875989445911,-0.7754601226993865,-0.7381974248927039,-0.7429775280898876,-0.5951327433628318,-0.7572944297082228,-0.713166144200627,-0.7852112676056338,-0.7662835249042146,-0.7735148514851485,-0.8231884057971014,-0.5896860986547086,-0.7689393939393939
59,368,968.0,172.0,3794.0,29467.0,16.0,3869.0,3825.0,3563.0,4590.0,1494.0,1161.0,4613.0,4223.0,7545.0,9546.0,7533.0,29568.0,29559.0,30703.0,30453.0,29932.0,29621.0,30342.0,30646.0,25.0,20.0,25.0,23.0,26.0,34.0,35.0,23.0,183,295,163,412,474,444,371,603,-0.5,-0.5,-0.4838709677419355,-0.5294117647058824,-0.5428571428571428,-0.38461538461538464,-0.4482758620689655,-0.5428571428571428,-0.5294117647058824,0.0,-0.4482758620689655,-0.2,-0.5675675675675675,-0.2727272727272727,-0.4074074074074074,-0.2,-0.23809523809523808,-0.4276827371695179,-0.2840466926070039,0.054441260744985676,-0.38461538461538464,-0.2854368932038835,-0.7572559366754618,-0.5484662576687117,-0.47353361945636624,-0.48314606741573035,-0.18584070796460178,-0.5119363395225465,-0.4231974921630094,-0.568075117370892,-0.5300127713920817,-0.5445544554455446,-0.6444444444444445,-0.17488789237668162
60,295,892.0,154.0,3828.0,29756.0,18.0,3562.0,3794.0,3825.0,3869.0,4590.0,1494.0,1161.0,4613.0,4223.0,7545.0,9546.0,29467.0,29568.0,29559.0,30703.0,30453.0,29932.0,29621.0,30342.0,16.0,25.0,20.0,25.0,23.0,26.0,34.0,35.0,368,183,295,163,412,474,444,371,-0.4,-0.4375,-0.4375,-0.41935483870967744,-0.47058823529411764,-0.4857142857142857,-0.3076923076923077,-0.3793103448275862,-0.4857142857142857,-0.47058823529411764,0.125,-0.3793103448275862,-0.1,-0.5135135135135135,-0.18181818181818182,-0.3333333333333333,-0.1,-0.6066666666666667,-0.5412130637636081,-0.4260700389105058,-0.15472779369627507,-0.5066889632107023,-0.42718446601941745,-0.8054089709762533,-0.6380368098159509,-0.5779685264663805,-0.5856741573033708,-0.3473451327433628,-0.6087533156498673,-0.5376175548589341,-0.653755868544601,-0.6232439335887612,-0.6349009900990099,-0.714975845410628
61,203,855.0,150.0,3761.0,27895.0,16.0,1823.0,3828.0,3794.0,3562.0,3869.0,4590.0,1494.0,1161.0,4613.0,4223.0,7545.0,29756.0,29467.0,29568.0,29559.0,30703.0,30453.0,29932.0,29621.0,18.0,16.0,25.0,20.0,25.0,23.0,26.0,34.0,295,368,183,295,163,412,474,444,-0.42857142857142855,-0.4666666666666667,-0.5,-0.5,-0.4838709677419355,-0.5294117647058824,-0.5428571428571428,-0.38461538461538464,-0.4482758620689655,-0.5428571428571428,-0.5294117647058824,0.0,-0.4482758620689655,-0.2,-0.5675675675675675,-0.2727272727272727,-0.4074074074074074,0.12154696132596685,-0.7293333333333333,-0.6842923794712286,-0.6050583657587548,-0.4183381088825215,-0.6605351170568562,-0.6058252427184466,-0.8660949868073878,-0.750920245398773,-0.709585121602289,-0.7148876404494382,-0.5508849557522124,-0.7307692307692307,-0.6818181818181818,-0.7617370892018779,-0.7407407407407407,-0.7487623762376238
62,92,856.0,144.0,3691.0,25324.0,20.0,161.0,3761.0,3828.0,1823.0,3562.0,3869.0,4590.0,1494.0,1161.0,4613.0,4223.0,27895.0,29756.0,29467.0,29568.0,29559.0,30703.0,30453.0,29932.0,16.0,18.0,16.0,25.0,20.0,25.0,23.0,26.0,203,295,368,183,295,163,412,474,-0.3333333333333333,-0.2857142857142857,-0.3333333333333333,-0.375,-0.375,-0.3548387096774194,-0.4117647058823529,-0.42857142857142855,-0.23076923076923078,-0.3103448275862069,-0.42857142857142855,-0.4117647058823529,0.25,-0.3103448275862069,0.0,-0.4594594594594595,-0.09090909090909091,-0.861236802413273,-0.49171270718232046,-0.8773333333333333,-0.8569206842923794,-0.8210116731517509,-0.7363896848137536,-0.8461538461538461,-0.8213592233009709,-0.9393139841688655,-0.8871165644171779,-0.8683834048640916,-0.8707865168539326,-0.7964601769911505,-0.8779840848806366,-0.8557993730407524,-0.892018779342723,-0.8825031928480205
63,242,813.0,143.0,2760.0,25081.0,20.0,1621.0,3691.0,3761.0,161.0,1823.0,3562.0,3869.0,4590.0,1494.0,1161.0,4613.0,25324.0,27895.0,29756.0,29467.0,29568.0,29559.0,30703.0,30453.0,20.0,16.0,18.0,16.0,25.0,20.0,25.0,23.0,92,203,295,368,183,295,163,412,-0.25925925925925924,-0.3333333333333333,-0.2857142857142857,-0.3333333333333333,-0.375,-0.375,-0.3548387096774194,-0.4117647058823529,-0.42857142857142855,-0.23076923076923078,-0.3103448275862069,-0.42857142857142855,-0.4117647058823529,0.25,-0.3103448275862069,0.0,-0.4594594594594595,-0.5355086372360844,-0.6349924585218703,0.3370165745856354,-0.6773333333333333,-0.6236391912908242,-0.5291828793774319,-0.30659025787965616,-0.5953177257525084,-0.5300970873786408,-0.8403693931398417,-0.7030674846625767,-0.65379113018598,-0.6601123595505618,-0.4646017699115044,-0.6790450928381963,-0.6206896551724138,-0.715962441314554
64,178,818.0,134.0,2671.0,25066.0,11.0,3978.0,2760.0,3691.0,1621.0,161.0,1823.0,3562.0,3869.0,4590.0,1494.0,1161.0,25081.0,25324.0,27895.0,29756.0,29467.0,29568.0,29559.0,30703.0,20.0,20.0,16.0,18.0,16.0,25.0,20.0,25.0,242,92,203,295,368,183,295,163,-0.47619047619047616,-0.5925925925925926,-0.6333333333333333,-0.6071428571428571,-0.6333333333333333,-0.65625,-0.65625,-0.6451612903225806,-0.6764705882352942,-0.6857142857142857,-0.5769230769230769,-0.6206896551724138,-0.6857142857142857,-0.6764705882352942,-0.3125,-0.6206896551724138,-0.45,-0.7290715372907154,-0.6583493282149712,-0.7315233785822021,-0.016574585635359115,-0.7626666666666667,-0.7231726283048211,-0.6536964980544747,-0.4899713467048711,-0.7023411371237458,-0.654368932038835,-0.8825857519788918,-0.7815950920245399,-0.7453505007153076,-0.75,-0.6061946902654868,-0.7639257294429708,-0.7210031347962382
65,480,838.0,136.0,2492.0,24579.0,15.0,3553.0,2671.0,2760.0,3978.0,1621.0,161.0,1823.0,3562.0,3869.0,4590.0,1494.0,25066.0,25081.0,25324.0,27895.0,29756.0,29467.0,29568.0,29559.0,11.0,20.0,20.0,16.0,18.0,16.0,25.0,20.0,178,242,92,203,295,368,183,295,-0.4444444444444444,-0.2857142857142857,-0.4444444444444444,-0.5,-0.4642857142857143,-0.5,-0.53125,-0.53125,-0.5161290322580645,-0.5588235294117647,-0.5714285714285714,-0.4230769230769231,-0.4827586206896552,-0.5714285714285714,-0.5588235294117647,-0.0625,-0.4827586206896552,-0.06976744186046512,-0.2694063926940639,-0.07869481765834933,-0.27601809954751133,1.6519337016574585,-0.36,-0.2534992223950233,-0.06614785992217899,0.3753581661891118,-0.19732441471571907,-0.06796116504854369,-0.683377308707124,-0.4110429447852761,-0.3133047210300429,-0.3258426966292135,0.061946902654867256,-0.363395225464191
66,533,874.0,135.0,2666.0,27318.0,16.0,3531.0,2492.0,2671.0,3553.0,3978.0,1621.0,161.0,1823.0,3562.0,3869.0,4590.0,24579.0,25066.0,25081.0,25324.0,27895.0,29756.0,29467.0,29568.0,15.0,11.0,20.0,20.0,16.0,18.0,16.0,25.0,480,178,242,92,203,295,368,183,-0.30434782608695654,-0.4074074074074074,-0.23809523809523808,-0.4074074074074074,-0.4666666666666667,-0.42857142857142855,-0.4666666666666667,-0.5,-0.5,-0.4838709677419355,-0.5294117647058824,-0.5428571428571428,-0.38461538461538464,-0.4482758620689655,-0.5428571428571428,-0.5294117647058824,0.0,-0.11608623548922056,0.03294573643410853,-0.1887366818873668,0.023032629558541268,-0.19607843137254902,1.9447513812154695,-0.28933333333333333,-0.17107309486780714,0.03696498054474708,0.5272206303724928,-0.10869565217391304,0.03495145631067961,-0.6484168865435356,-0.3460122699386503,-0.2374821173104435,-0.25140449438202245,0.17920353982300885
67,553,842.0,127.0,2984.0,26829.0,9.0,3694.0,2666.0,2492.0,3531.0,3553.0,3978.0,1621.0,161.0,1823.0,3562.0,3869.0,27318.0,24579.0,25066.0,25081.0,25324.0,27895.0,29756.0,29467.0,16.0,15.0,11.0,20.0,20.0,16.0,18.0,16.0,533,480,178,242,92,203,295,368,-0.7428571428571429,-0.6086956521739131,-0.6666666666666666,-0.5714285714285714,-0.6666666666666666,-0.7,-0.6785714285714286,-0.7,-0.71875,-0.71875,-0.7096774193548387,-0.7352941176470589,-0.7428571428571429,-0.6538461538461539,-0.6896551724137931,-0.7428571428571429,-0.7352941176470589,0.49056603773584906,-0.08291873963515754,0.07170542635658915,-0.1582952815829528,0.061420345489443376,-0.16591251885369532,2.0552486187845305,-0.26266666666666666,-0.13996889580093314,0.07587548638132295,0.5845272206303725,-0.07525083612040134,0.07378640776699029,-0.6352242744063324,-0.3214723926380368,-0.2088698140200286,-0.22331460674157302
68,138,815.0,120.0,2955.0,26667.0,12.0,3177.0,2984.0,2666.0,3694.0,3531.0,3553.0,3978.0,1621.0,161.0,1823.0,3562.0,26829.0,27318.0,24579.0,25066.0,25081.0,25324.0,27895.0,29756.0,9.0,16.0,15.0,11.0,20.0,20.0,16.0,18.0,553,533,480,178,242,92,203,295,-0.6470588235294118,-0.6571428571428571,-0.4782608695652174,-0.5555555555555556,-0.42857142857142855,-0.5555555555555556,-0.6,-0.5714285714285714,-0.6,-0.625,-0.625,-0.6129032258064516,-0.6470588235294118,-0.6571428571428571,-0.5384615384615384,-0.5862068965517241,-0.6571428571428571,-0.6891891891891891,-0.628032345013477,-0.7711442786069652,-0.7325581395348837,-0.7899543378995434,-0.7351247600767754,-0.7918552036199095,-0.23756906077348067,-0.816,-0.7853810264385692,-0.7315175097276264,-0.6045845272206304,-0.7692307692307693,-0.7320388349514563,-0.9089709762532981,-0.8306748466257668,-0.8025751072961373
69,175,797.0,112.0,2754.0,26344.0,9.0,2093.0,2955.0,2984.0,3177.0,3694.0,3531.0,3553.0,3978.0,1621.0,161.0,1823.0,26667.0,26829.0,27318.0,24579.0,25066.0,25081.0,25324.0,27895.0,12.0,9.0,16.0,15.0,11.0,20.0,20.0,16.0,138,553,533,480,178,242,92,203,-0.6538461538461539,-0.7352941176470589,-0.7428571428571429,-0.6086956521739131,-0.6666666666666666,-0.5714285714285714,-0.6666666666666666,-0.7,-0.6785714285714286,-0.7,-0.71875,-0.71875,-0.7096774193548387,-0.7352941176470589,-0.7428571428571429,-0.6538461538461539,-0.6896551724137931,-0.630801687763713,-0.6058558558558559,-0.5283018867924528,-0.7097844112769486,-0.6608527131782945,-0.7336377473363774,-0.6641074856046065,-0.7360482654600302,-0.03314917127071823,-0.7666666666666667,-0.7278382581648523,-0.6595330739299611,-0.498567335243553,-0.7073578595317725,-0.6601941747572816,-0.8845646437994723,-0.7852760736196319
70,98,805.0,112.0,2642.0,28307.0,9.0,1617.0,2754.0,2955.0,2093.0,3177.0,3694.0,3531.0,3553.0,3978.0,1621.0,161.0,26344.0,26667.0,26829.0,27318.0,24579.0,25066.0,25081.0,25324.0,9.0,12.0,9.0,16.0,15.0,11.0,20.0,20.0,175,138,553,533,480,178,242,92,-0.6086956521739131,-0.6538461538461539,-0.7352941176470589,-0.7428571428571429,-0.6086956521739131,-0.6666666666666666,-0.5714285714285714,-0.6666666666666666,-0.7,-0.6785714285714286,-0.7,-0.71875,-0.71875,-0.7096774193548387,-0.7352941176470589,-0.7428571428571429,-0.6538461538461539,-0.7621359223300971,-0.7932489451476793,-0.7792792792792793,-0.7358490566037735,-0.8374792703150912,-0.810077519379845,-0.8508371385083714,-0.8119001919385797,-0.8521870286576169,-0.4585635359116022,-0.8693333333333333,-0.8475894245723172,-0.8093385214007782,-0.7191977077363897,-0.8361204013377926,-0.8097087378640777,-0.9353562005277045
71,234,709.0,113.0,2719.0,27054.0,19.0,3780.0,2642.0,2754.0,1617.0,2093.0,3177.0,3694.0,3531.0,3553.0,3978.0,1621.0,28307.0,26344.0,26667.0,26829.0,27318.0,24579.0,25066.0,25081.0,9.0,9.0,12.0,9.0,16.0,15.0,11.0,20.0,98,175,138,553,533,480,178,242,-0.24,-0.17391304347826086,-0.2692307692307692,-0.4411764705882353,-0.45714285714285713,-0.17391304347826086,-0.2962962962962963,-0.09523809523809523,-0.2962962962962963,-0.36666666666666664,-0.32142857142857145,-0.36666666666666664,-0.40625,-0.40625,-0.3870967741935484,-0.4411764705882353,-0.45714285714285713,0.43558282208588955,-0.4320388349514563,-0.5063291139240507,-0.47297297297297297,-0.3692722371967655,-0.6119402985074627,-0.5465116279069767,-0.6438356164383562,-0.5508637236084453,-0.6470588235294118,0.292817679558011,-0.688,-0.6360808709175739,-0.5447470817120622,-0.32951289398280803,-0.6086956521739131,-0.545631067961165
72,219,692.0,103.0,2686.0,26278.0,12.0,3028.0,2719.0,2642.0,3780.0,1617.0,2093.0,3177.0,3694.0,3531.0,3553.0,3978.0,27054.0,28307.0,26344.0,26667.0,26829.0,27318.0,24579.0,25066.0,19.0,9.0,9.0,12.0,9.0,16.0,15.0,11.0,234,98,175,138,553,533,480,178,-0.4,-0.52,-0.4782608695652174,-0.5384615384615384,-0.6470588235294118,-0.6571428571428571,-0.4782608695652174,-0.5555555555555556,-0.42857142857142855,-0.5555555555555556,-0.6,-0.5714285714285714,-0.6,-0.625,-0.625,-0.6129032258064516,-0.6470588235294118,-0.2576271186440678,0.34355828220858897,-0.4684466019417476,-0.5379746835443038,-0.5067567567567568,-0.40970350404312667,-0.6368159203980099,-0.5755813953488372,-0.6666666666666666,-0.5796545105566219,-0.669683257918552,0.20994475138121546,-0.708,-0.6594090202177294,-0.5739299610894941,-0.37249283667621774,-0.6337792642140468
73,187,680.0,108.0,2676.0,26082.0,9.0,3324.0,2686.0,2719.0,3028.0,3780.0,1617.0,2093.0,3177.0,3694.0,3531.0,3553.0,26278.0,27054.0,28307.0,26344.0,26667.0,26829.0,27318.0,24579.0,12.0,19.0,9.0,9.0,12.0,9.0,16.0,15.0,219,234,98,175,138,553,533,480,-0.64,-0.55,-0.64,-0.6086956521739131,-0.6538461538461539,-0.7352941176470589,-0.7428571428571429,-0.6086956521739131,-0.6666666666666666,-0.5714285714285714,-0.6666666666666666,-0.7,-0.6785714285714286,-0.7,-0.71875,-0.71875,-0.7096774193548387,0.02185792349726776,-0.36610169491525424,0.147239263803681,-0.5461165048543689,-0.6054852320675106,-0.5788288288288288,-0.49595687331536387,-0.6898839137645107,-0.6375968992248062,-0.715372907153729,-0.6410748560460653,-0.717948717948718,0.03314917127071823,-0.7506666666666667,-0.7091757387247278,-0.6361867704280155,-0.46418338108882523
74,264,673.0,112.0,2722.0,25792.0,6.0,3024.0,2676.0,2686.0,3324.0,3028.0,3780.0,1617.0,2093.0,3177.0,3694.0,3531.0,26082.0,26278.0,27054.0,28307.0,26344.0,26667.0,26829.0,27318.0,9.0,12.0,19.0,9.0,9.0,12.0,9.0,16.0,187,219,234,98,175,138,553,533,-0.625,-0.76,-0.7,-0.76,-0.7391304347826086,-0.7692307692307693,-0.8235294117647058,-0.8285714285714286,-0.7391304347826086,-0.7777777777777778,-0.7142857142857143,-0.7777777777777778,-0.8,-0.7857142857142857,-0.8,-0.8125,-0.8125,-0.2826086956521739,0.4426229508196721,-0.10508474576271186,0.6196319018404908,-0.3592233009708738,-0.4430379746835443,-0.40540540540540543,-0.2884097035040431,-0.5621890547263682,-0.4883720930232558,-0.5981735159817352,-0.4932821497120921,-0.6018099547511312,0.4585635359116022,-0.648,-0.5894245723172629,-0.48638132295719844
75,227,657.0,115.0,2940.0,25419.0,13.0,2940.0,2722.0,2676.0,3024.0,3324.0,3028.0,3780.0,1617.0,2093.0,3177.0,3694.0,25792.0,26082.0,26278.0,27054.0,28307.0,26344.0,26667.0,26829.0,6.0,9.0,12.0,19.0,9.0,9.0,12.0,9.0,264,187,219,234,98,175,138,553,-0.2777777777777778,-0.1875,-0.48,-0.35,-0.48,-0.43478260869565216,-0.5,-0.6176470588235294,-0.6285714285714286,-0.43478260869565216,-0.5185185185185185,-0.38095238095238093,-0.5185185185185185,-0.5666666666666667,-0.5357142857142857,-0.5666666666666667,-0.59375,-0.2305084745762712,-0.38315217391304346,0.24043715846994534,-0.2305084745762712,0.39263803680981596,-0.44902912621359226,-0.5210970464135021,-0.48873873873873874,-0.3881401617250674,-0.6235489220563848,-0.560077519379845,-0.654490106544901,-0.564299424184261,-0.6576168929110106,0.2541436464088398,-0.6973333333333334,-0.6469673405909798
76,226,649.0,108.0,2704.0,25640.0,15.0,1760.0,2940.0,2722.0,2940.0,3024.0,3324.0,3028.0,3780.0,1617.0,2093.0,3177.0,25419.0,25792.0,26082.0,26278.0,27054.0,28307.0,26344.0,26667.0,13.0,6.0,9.0,12.0,19.0,9.0,9.0,12.0,227,264,187,219,234,98,175,138,-0.0625,-0.16666666666666666,-0.0625,-0.4,-0.25,-0.4,-0.34782608695652173,-0.4230769230769231,-0.5588235294117647,-0.5714285714285714,-0.34782608695652173,-0.4444444444444444,-0.2857142857142857,-0.4444444444444444,-0.5,-0.4642857142857143,-0.5,0.11330049261083744,-0.23389830508474577,-0.3858695652173913,0.23497267759562843,-0.23389830508474577,0.38650306748466257,-0.45145631067961167,-0.5232067510548524,-0.49099099099099097,-0.3908355795148248,-0.6252072968490879,-0.562015503875969,-0.6560121765601218,-0.5662188099808061,-0.6591251885369532,0.24861878453038674,-0.6986666666666667
77,173,628.0,105.0,2260.0,25360.0,13.0,1440.0,2704.0,2940.0,1760.0,2940.0,3024.0,3324.0,3028.0,3780.0,1617.0,2093.0,25640.0,25419.0,25792.0,26082.0,26278.0,27054.0,28307.0,26344.0,15.0,13.0,6.0,9.0,12.0,19.0,9.0,9.0,226,227,264,187,219,234,98,175,-0.35,-0.1875,-0.2777777777777778,-0.1875,-0.48,-0.35,-0.48,-0.43478260869565216,-0.5,-0.6176470588235294,-0.6285714285714286,-0.43478260869565216,-0.5185185185185185,-0.38095238095238093,-0.5185185185185185,-0.5666666666666667,-0.5357142857142857,0.8804347826086957,-0.1477832512315271,-0.4135593220338983,-0.529891304347826,-0.0546448087431694,-0.4135593220338983,0.06134969325153374,-0.5800970873786407,-0.6350210970464135,-0.6103603603603603,-0.5336927223719676,-0.7131011608623549,-0.6647286821705426,-0.7366818873668188,-0.6679462571976967,-0.7390648567119156,-0.04419889502762431
78,223,629.0,101.0,2349.0,25487.0,16.0,3052.0,2260.0,2704.0,1440.0,1760.0,2940.0,3024.0,3324.0,3028.0,3780.0,1617.0,25360.0,25640.0,25419.0,25792.0,26082.0,26278.0,27054.0,28307.0,13.0,15.0,13.0,6.0,9.0,12.0,19.0,9.0,173,226,227,264,187,219,234,98,-0.2,-0.2,0.0,-0.1111111111111111,0.0,-0.36,-0.2,-0.36,-0.30434782608695654,-0.38461538461538464,-0.5294117647058824,-0.5428571428571428,-0.30434782608695654,-0.4074074074074074,-0.23809523809523808,-0.4074074074074074,-0.4666666666666667,-0.07851239669421488,1.423913043478261,0.09852216748768473,-0.2440677966101695,-0.39402173913043476,0.2185792349726776,-0.2440677966101695,0.36809815950920244,-0.4587378640776699,-0.5295358649789029,-0.49774774774774777,-0.39892183288409705,-0.6301824212271974,-0.5678294573643411,-0.6605783866057838,-0.5719769673704415,-0.6636500754147813
79,228,609.0,93.0,2405.0,25281.0,16.0,2724.0,2349.0,2260.0,3052.0,1440.0,1760.0,2940.0,3024.0,3324.0,3028.0,3780.0,25487.0,25360.0,25640.0,25419.0,25792.0,26082.0,26278.0,27054.0,16.0,13.0,15.0,13.0,6.0,9.0,12.0,19.0,223,173,226,227,264,187,219,234,0.45454545454545453,-0.2,-0.2,0.0,-0.1111111111111111,0.0,-0.36,-0.2,-0.36,-0.30434782608695654,-0.38461538461538464,-0.5294117647058824,-0.5428571428571428,-0.30434782608695654,-0.4074074074074074,-0.23809523809523808,-0.4074074074074074,0.2808988764044944,-0.05785123966942149,1.4782608695652173,0.12315270935960591,-0.2271186440677966,-0.3804347826086957,0.2459016393442623,-0.2271186440677966,0.3987730061349693,-0.44660194174757284,-0.5189873417721519,-0.4864864864864865,-0.38544474393531,-0.6218905472636815,-0.5581395348837209,-0.6529680365296804,-0.5623800383877159
80,252,608.0,92.0,2125.0,22741.0,14.0,2586.0,2405.0,2349.0,2724.0,3052.0,1440.0,1760.0,2940.0,3024.0,3324.0,3028.0,25281.0,25487.0,25360.0,25640.0,25419.0,25792.0,26082.0,26278.0,16.0,16.0,13.0,15.0,13.0,6.0,9.0,12.0,228,223,173,226,227,264,187,219,-0.06666666666666667,0.2727272727272727,-0.3,-0.3,-0.125,-0.2222222222222222,-0.125,-0.44,-0.3,-0.44,-0.391304347826087,-0.46153846153846156,-0.5882352941176471,-0.6,-0.391304347826087,-0.48148148148148145,-0.3333333333333333,-0.475,0.4157303370786517,0.04132231404958678,1.7391304347826086,0.2413793103448276,-0.14576271186440679,-0.31521739130434784,0.3770491803278688,-0.14576271186440679,0.5460122699386503,-0.3883495145631068,-0.46835443037974683,-0.43243243243243246,-0.32075471698113206,-0.582089552238806,-0.5116279069767442,-0.6164383561643836
81,288,576.0,84.0,2257.0,26198.0,12.0,2360.0,2125.0,2405.0,2586.0,2724.0,3052.0,1440.0,1760.0,2940.0,3024.0,3324.0,22741.0,25281.0,25487.0,25360.0,25640.0,25419.0,25792.0,26082.0,14.0,16.0,16.0,13.0,15.0,13.0,6.0,9.0,252,228,223,173,226,227,264,187,-0.25,-0.2,0.09090909090909091,-0.4,-0.4,-0.25,-0.3333333333333333,-0.25,-0.52,-0.4,-0.52,-0.4782608695652174,-0.5384615384615384,-0.6470588235294118,-0.6571428571428571,-0.4782608695652174,-0.5555555555555556,-0.4596622889305816,-0.4,0.6179775280898876,0.19008264462809918,2.130434782608696,0.4187192118226601,-0.023728813559322035,-0.21739130434782608,0.5737704918032787,-0.023728813559322035,0.7668711656441718,-0.30097087378640774,-0.3924050632911392,-0.35135135135135137,-0.22371967654986524,-0.5223880597014925,-0.4418604651162791
82,271,550.0,80.0,2308.0,26130.0,13.0,2413.0,2257.0,2125.0,2360.0,2586.0,2724.0,3052.0,1440.0,1760.0,2940.0,3024.0,26198.0,22741.0,25281.0,25487.0,25360.0,25640.0,25419.0,25792.0,12.0,14.0,16.0,16.0,13.0,15.0,13.0,6.0,288,252,228,223,173,226,227,264,0.4444444444444444,-0.1875,-0.13333333333333333,0.18181818181818182,-0.35,-0.35,-0.1875,-0.2777777777777778,-0.1875,-0.48,-0.35,-0.48,-0.43478260869565216,-0.5,-0.6176470588235294,-0.6285714285714286,-0.43478260869565216,-0.5099457504520796,-0.4915572232645403,-0.4354166666666667,0.5224719101123596,0.11983471074380166,1.9456521739130435,0.33497536945812806,-0.08135593220338982,-0.26358695652173914,0.4808743169398907,-0.08135593220338982,0.6625766871165644,-0.3422330097087379,-0.4282700421940928,-0.38963963963963966,-0.2695417789757412,-0.5505804311774462
83,152,536.0,78.0,2115.0,26328.0,14.0,1382.0,2308.0,2257.0,2413.0,2360.0,2586.0,2724.0,3052.0,1440.0,1760.0,2940.0,26130.0,26198.0,22741.0,25281.0,25487.0,25360.0,25640.0,25419.0,13.0,12.0,14.0,16.0,16.0,13.0,15.0,13.0,271,288,252,228,223,173,226,227,0.16666666666666666,0.5555555555555556,-0.125,-0.06666666666666667,0.2727272727272727,-0.3,-0.3,-0.125,-0.2222222222222222,-0.125,-0.44,-0.3,-0.44,-0.391304347826087,-0.46153846153846156,-0.5882352941176471,-0.6,0.10144927536231885,-0.7251356238698011,-0.7148217636022514,-0.6833333333333333,-0.14606741573033707,-0.371900826446281,0.6521739130434783,-0.2512315270935961,-0.4847457627118644,-0.5869565217391305,-0.16939890710382513,-0.4847457627118644,-0.06748466257668712,-0.6310679611650486,-0.679324894514768,-0.6576576576576577,-0.5902964959568733
84,165,531.0,72.0,1899.0,26449.0,14.0,1257.0,2115.0,2308.0,1382.0,2413.0,2360.0,2586.0,2724.0,3052.0,1440.0,1760.0,26328.0,26130.0,26198.0,22741.0,25281.0,25487.0,25360.0,25640.0,14.0,13.0,12.0,14.0,16.0,16.0,13.0,15.0,152,271,288,252,228,223,173,226,0.5555555555555556,0.16666666666666666,0.5555555555555556,-0.125,-0.06666666666666667,0.2727272727272727,-0.3,-0.3,-0.125,-0.2222222222222222,-0.125,-0.44,-0.3,-0.44,-0.391304347826087,-0.46153846153846156,-0.5882352941176471,-0.05714285714285714,0.1956521739130435,-0.701627486437613,-0.6904315196998124,-0.65625,-0.07303370786516854,-0.3181818181818182,0.7934782608695652,-0.18719211822660098,-0.4406779661016949,-0.5516304347826086,-0.09836065573770492,-0.4406779661016949,0.012269938650306749,-0.5995145631067961,-0.6518987341772152,-0.6283783783783784
85,219,513.0,71.0,1815.0,26392.0,12.0,2663.0,1899.0,2115.0,1257.0,1382.0,2413.0,2360.0,2586.0,2724.0,3052.0,1440.0,26449.0,26328.0,26130.0,26198.0,22741.0,25281.0,25487.0,25360.0,14.0,14.0,13.0,12.0,14.0,16.0,16.0,13.0,165,152,271,288,252,228,223,173,0.3333333333333333,0.3333333333333333,0.0,0.3333333333333333,-0.25,-0.2,0.09090909090909091,-0.4,-0.4,-0.25,-0.3333333333333333,-0.25,-0.52,-0.4,-0.52,-0.4782608695652174,-0.5384615384615384,1.2346938775510203,0.25142857142857145,0.5869565217391305,-0.6039783001808319,-0.5891181988742964,-0.54375,0.2303370786516854,-0.09504132231404959,1.3804347826086956,0.07881773399014778,-0.2576271186440678,-0.4048913043478261,0.19672131147540983,-0.2576271186440678,0.34355828220858897,-0.4684466019417476,-0.5379746835443038
86,285,510.0,66.0,1886.0,27141.0,14.0,2478.0,1815.0,1899.0,2663.0,1257.0,1382.0,2413.0,2360.0,2586.0,2724.0,3052.0,26392.0,26449.0,26328.0,26130.0,26198.0,22741.0,25281.0,25487.0,12.0,14.0,14.0,13.0,12.0,14.0,16.0,16.0,219,165,152,271,288,252,228,223,-0.2631578947368421,0.5555555555555556,0.5555555555555556,0.16666666666666666,0.5555555555555556,-0.125,-0.06666666666666667,0.2727272727272727,-0.3,-0.3,-0.125,-0.2222222222222222,-0.125,-0.44,-0.3,-0.44,-0.391304347826087,0.21794871794871795,1.9081632653061225,0.6285714285714286,1.065217391304348,-0.484629294755877,-0.4652908067542214,-0.40625,0.601123595505618,0.17768595041322313,2.097826086956522,0.4039408866995074,-0.03389830508474576,-0.22554347826086957,0.5573770491803278,-0.03389830508474576,0.7484662576687117,-0.308252427184466
87,304,512.0,65.0,1310.0,27563.0,13.0,2446.0,1886.0,1815.0,2478.0,2663.0,1257.0,1382.0,2413.0,2360.0,2586.0,2724.0,27141.0,26392.0,26449.0,26328.0,26130.0,26198.0,22741.0,25281.0,14.0,12.0,14.0,14.0,13.0,12.0,14.0,16.0,285,219,165,152,271,288,252,228,0.08333333333333333,-0.3157894736842105,0.4444444444444444,0.4444444444444444,0.08333333333333333,0.4444444444444444,-0.1875,-0.13333333333333333,0.18181818181818182,-0.35,-0.35,-0.1875,-0.2777777777777778,-0.1875,-0.48,-0.35,-0.48,0.3881278538812785,0.29914529914529914,2.1020408163265305,0.7371428571428571,1.2028985507246377,-0.45027124773960214,-0.42964352720450283,-0.36666666666666664,0.7078651685393258,0.256198347107438,2.3043478260869565,0.4975369458128079,0.030508474576271188,-0.17391304347826086,0.6612021857923497,0.030508474576271188,0.8650306748466258
88,350,529.0,66.0,1568.0,27917.0,14.0,2480.0,1310.0,1886.0,2446.0,2478.0,2663.0,1257.0,1382.0,2413.0,2360.0,2586.0,27563.0,27141.0,26392.0,26449.0,26328.0,26130.0,26198.0,22741.0,13.0,14.0,12.0,14.0,14.0,13.0,12.0,14.0,304,285,219,165,152,271,288,252,0.5555555555555556,0.16666666666666666,-0.2631578947368421,0.5555555555555556,0.5555555555555556,0.16666666666666666,0.5555555555555556,-0.125,-0.06666666666666667,0.2727272727272727,-0.3,-0.3,-0.125,-0.2222222222222222,-0.125,-0.44,-0.3,0.8716577540106952,0.5981735159817352,0.49572649572649574,2.5714285714285716,1.0,1.536231884057971,-0.3670886075949367,-0.3433395872420263,-0.2708333333333333,0.9662921348314607,0.4462809917355372,2.8043478260869565,0.7241379310344828,0.1864406779661017,-0.04891304347826087,0.912568306010929,0.1864406779661017
89,257,514.0,63.0,2134.0,28183.0,13.0,2373.0,1568.0,1310.0,2480.0,2446.0,2478.0,2663.0,1257.0,1382.0,2413.0,2360.0,27917.0,27563.0,27141.0,26392.0,26449.0,26328.0,26130.0,26198.0,14.0,13.0,14.0,12.0,14.0,14.0,13.0,12.0,350,304,285,219,165,152,271,288,1.1666666666666667,0.4444444444444444,0.08333333333333333,-0.3157894736842105,0.4444444444444444,0.4444444444444444,0.08333333333333333,0.4444444444444444,-0.1875,-0.13333333333333333,0.18181818181818182,-0.35,-0.35,-0.1875,-0.2777777777777778,-0.1875,-0.48,-0.026515151515151516,0.37433155080213903,0.1735159817351598,0.09829059829059829,1.6224489795918366,0.4685714285714286,0.8623188405797102,-0.5352622061482821,-0.5178236397748592,-0.46458333333333335,0.4438202247191011,0.06198347107438017,1.7934782608695652,0.2660098522167488,-0.1288135593220339,-0.3016304347826087,0.40437158469945356
90,297,474.0,64.0,2016.0,27924.0,14.0,1363.0,2134.0,1568.0,2373.0,2480.0,2446.0,2478.0,2663.0,1257.0,1382.0,2413.0,28183.0,27917.0,27563.0,27141.0,26392.0,26449.0,26328.0,26130.0,13.0,14.0,13.0,14.0,12.0,14.0,14.0,13.0,257,350,304,285,219,165,152,271,0.07692307692307693,1.3333333333333333,0.5555555555555556,0.16666666666666666,-0.2631578947368421,0.5555555555555556,0.5555555555555556,0.16666666666666666,0.5555555555555556,-0.125,-0.06666666666666667,0.2727272727272727,-0.3,-0.3,-0.125,-0.2222222222222222,-0.125,0.30837004405286345,0.125,0.5882352941176471,0.3561643835616438,0.2692307692307692,2.0306122448979593,0.6971428571428572,1.1521739130434783,-0.4629294755877034,-0.4427767354596623,-0.38125,0.6685393258426966,0.22727272727272727,2.2282608695652173,0.4630541871921182,0.006779661016949152,-0.19293478260869565
91,200,471.0,64.0,1720.0,27958.0,14.0,1252.0,2016.0,2134.0,1363.0,2373.0,2480.0,2446.0,2478.0,2663.0,1257.0,1382.0,27924.0,28183.0,27917.0,27563.0,27141.0,26392.0,26449.0,26328.0,14.0,13.0,14.0,13.0,14.0,12.0,14.0,14.0,297,257,350,304,285,219,165,152,-0.06666666666666667,0.07692307692307693,1.3333333333333333,0.5555555555555556,0.16666666666666666,-0.2631578947368421,0.5555555555555556,0.5555555555555556,0.16666666666666666,0.5555555555555556,-0.125,-0.06666666666666667,0.2727272727272727,-0.3,-0.3,-0.125,-0.2222222222222222,-0.11504424778761062,-0.11894273127753303,-0.24242424242424243,0.06951871657754011,-0.0867579908675799,-0.1452991452991453,1.0408163265306123,0.14285714285714285,0.4492753623188406,-0.6383363471971067,-0.624765478424015,-0.5833333333333334,0.12359550561797752,-0.17355371900826447,1.173913043478261,-0.014778325123152709,-0.3220338983050847
92,195,432.0,58.0,1866.0,28064.0,12.0,2595.0,1720.0,2016.0,1252.0,1363.0,2373.0,2480.0,2446.0,2478.0,2663.0,1257.0,27958.0,27924.0,28183.0,27917.0,27563.0,27141.0,26392.0,26449.0,14.0,14.0,13.0,14.0,13.0,14.0,12.0,14.0,200,297,257,350,304,285,219,165,-0.07692307692307693,-0.2,-0.07692307692307693,1.0,0.3333333333333333,0.0,-0.3684210526315789,0.3333333333333333,0.3333333333333333,0.0,0.3333333333333333,-0.25,-0.2,0.09090909090909091,-0.4,-0.4,-0.25,0.12716763005780346,-0.13716814159292035,-0.14096916299559473,-0.26136363636363635,0.0427807486631016,-0.1095890410958904,-0.16666666666666666,0.9897959183673469,0.11428571428571428,0.41304347826086957,-0.6473779385171791,-0.6341463414634146,-0.59375,0.09550561797752809,-0.19421487603305784,1.1195652173913044,-0.03940886699507389
93,366,428.0,56.0,1944.0,28093.0,11.0,2221.0,1866.0,1720.0,2595.0,1252.0,1363.0,2373.0,2480.0,2446.0,2478.0,2663.0,28064.0,27958.0,27924.0,28183.0,27917.0,27563.0,27141.0,26392.0,12.0,14.0,14.0,13.0,14.0,13.0,14.0,12.0,195,200,297,257,350,304,285,219,-0.3125,-0.15384615384615385,-0.26666666666666666,-0.15384615384615385,0.8333333333333334,0.2222222222222222,-0.08333333333333333,-0.42105263157894735,0.2222222222222222,0.2222222222222222,-0.08333333333333333,0.2222222222222222,-0.3125,-0.26666666666666666,0.0,-0.45,-0.45,0.6412556053811659,1.115606936416185,0.6194690265486725,0.6123348017621145,0.38636363636363635,0.9572192513368984,0.6712328767123288,0.5641025641025641,2.7346938775510203,1.0914285714285714,1.6521739130434783,-0.33815551537070526,-0.3133208255159475,-0.2375,1.0561797752808988,0.512396694214876,2.9782608695652173
94,331,445.0,58.0,1741.0,28685.0,8.0,2012.0,1944.0,1866.0,2221.0,2595.0,1252.0,1363.0,2373.0,2480.0,2446.0,2478.0,28093.0,28064.0,27958.0,27924.0,28183.0,27917.0,27563.0,27141.0,11.0,12.0,14.0,14.0,13.0,14.0,13.0,14.0,366,195,200,297,257,350,304,285,-0.5,-0.5,-0.38461538461538464,-0.4666666666666667,-0.38461538461538464,0.3333333333333333,-0.1111111111111111,-0.3333333333333333,-0.5789473684210527,-0.1111111111111111,-0.1111111111111111,-0.3333333333333333,-0.1111111111111111,-0.5,-0.4666666666666667,-0.2727272727272727,-0.6,0.4517543859649123,0.484304932735426,0.9132947976878613,0.4646017699115044,0.4581497797356828,0.2537878787878788,0.7700534759358288,0.5114155251141552,0.41452991452991456,2.377551020408163,0.8914285714285715,1.3985507246376812,-0.4014466546112116,-0.3789868667917448,-0.3104166666666667,0.8595505617977528,0.3677685950413223
95,377,421.0,58.0,1636.0,28088.0,10.0,1817.0,1741.0,1944.0,2012.0,2221.0,2595.0,1252.0,1363.0,2373.0,2480.0,2446.0,28685.0,28093.0,28064.0,27958.0,27924.0,28183.0,27917.0,27563.0,8.0,11.0,12.0,14.0,14.0,13.0,14.0,13.0,331,366,195,200,297,257,350,304,-0.2857142857142857,-0.375,-0.375,-0.23076923076923078,-0.3333333333333333,-0.23076923076923078,0.6666666666666666,0.1111111111111111,-0.16666666666666666,-0.47368421052631576,0.1111111111111111,0.1111111111111111,-0.16666666666666666,0.1111111111111111,-0.375,-0.3333333333333333,-0.09090909090909091,0.49603174603174605,0.6535087719298246,0.6905829596412556,1.1791907514450868,0.668141592920354,0.6607929515418502,0.42803030303030304,1.0160427807486632,0.7214611872146118,0.6111111111111112,2.8469387755102042,1.1542857142857144,1.7318840579710144,-0.3182640144665461,-0.2926829268292683,-0.21458333333333332,1.1179775280898876
96,382,414.0,57.0,1813.0,29013.0,9.0,2410.0,1636.0,1741.0,1817.0,2012.0,2221.0,2595.0,1252.0,1363.0,2373.0,2480.0,28088.0,28685.0,28093.0,28064.0,27958.0,27924.0,28183.0,27917.0,10.0,8.0,11.0,12.0,14.0,14.0,13.0,14.0,377,331,366,195,200,297,257,350,-0.25,-0.35714285714285715,-0.4375,-0.4375,-0.3076923076923077,-0.4,-0.3076923076923077,0.5,0.0,-0.25,-0.5263157894736842,0.0,0.0,-0.25,0.0,-0.4375,-0.4,0.3263888888888889,0.5158730158730159,0.6754385964912281,0.7130044843049327,1.2080924855491328,0.6902654867256637,0.6828193832599119,0.44696969696969696,1.0427807486631016,0.7442922374429224,0.6324786324786325,2.8979591836734695,1.1828571428571428,1.7681159420289856,-0.3092224231464738,-0.28330206378986866,-0.20416666666666666
97,342,398.0,58.0,1352.0,29312.0,5.0,1167.0,1813.0,1636.0,2410.0,1817.0,2012.0,2221.0,2595.0,1252.0,1363.0,2373.0,29013.0,28088.0,28685.0,28093.0,28064.0,27958.0,27924.0,28183.0,9.0,10.0,8.0,11.0,12.0,14.0,14.0,13.0,382,377,331,366,195,200,297,257,-0.6153846153846154,-0.5833333333333334,-0.6428571428571429,-0.6875,-0.6875,-0.6153846153846154,-0.6666666666666666,-0.6153846153846154,-0.16666666666666666,-0.4444444444444444,-0.5833333333333334,-0.7368421052631579,-0.4444444444444444,-0.4444444444444444,-0.5833333333333334,-0.4444444444444444,-0.6875,0.26199261992619927,0.1875,0.35714285714285715,0.5,0.5336322869955157,0.976878612716763,0.5132743362831859,0.5066079295154186,0.29545454545454547,0.8288770053475936,0.5616438356164384,0.46153846153846156,2.489795918367347,0.9542857142857143,1.4782608695652173,-0.38155515370705245,-0.35834896810506567
98,192,366.0,55.0,1603.0,28791.0,6.0,1124.0,1352.0,1813.0,1167.0,2410.0,1817.0,2012.0,2221.0,2595.0,1252.0,1363.0,29312.0,29013.0,28088.0,28685.0,28093.0,28064.0,27958.0,27924.0,5.0,9.0,10.0,8.0,11.0,12.0,14.0,14.0,342,382,377,331,366,195,200,297,-0.5714285714285714,-0.5384615384615384,-0.5,-0.5714285714285714,-0.625,-0.625,-0.5384615384615384,-0.6,-0.5384615384615384,0.0,-0.3333333333333333,-0.5,-0.6842105263157895,-0.3333333333333333,-0.3333333333333333,-0.5,-0.3333333333333333,0.2631578947368421,-0.2915129151291513,-0.3333333333333333,-0.23809523809523808,-0.15789473684210525,-0.13901345291479822,0.10982658959537572,-0.1504424778761062,-0.15418502202643172,-0.2727272727272727,0.026737967914438502,-0.1232876712328767,-0.1794871794871795,0.9591836734693877,0.09714285714285714,0.391304347826087,-0.6528028933092225
99,421,394.0,65.0,1618.0,30176.0,7.0,2436.0,1603.0,1352.0,1124.0,1167.0,2410.0,1817.0,2012.0,2221.0,2595.0,1252.0,28791.0,29312.0,29013.0,28088.0,28685.0,28093.0,28064.0,27958.0,6.0,5.0,9.0,10.0,8.0,11.0,12.0,14.0,192,342,382,377,331,366,195,200,-0.5,-0.5,-0.46153846153846156,-0.4166666666666667,-0.5,-0.5625,-0.5625,-0.46153846153846156,-0.5333333333333333,-0.46153846153846156,0.16666666666666666,-0.2222222222222222,-0.4166666666666667,-0.631578947368421,-0.2222222222222222,-0.2222222222222222,-0.4166666666666667,1.5515151515151515,1.769736842105263,0.5535055350553506,0.4618055555555556,0.6706349206349206,0.8464912280701754,0.8878923766816144,1.4335260115606936,0.8628318584070797,0.8546255506607929,0.5946969696969697,1.2513368983957218,0.9223744292237442,0.7991452991452992,3.295918367346939,1.4057142857142857,2.050724637681159
100,294,417.0,70.0,1724.0,30398.0,5.0,2157.0,1618.0,1603.0,2436.0,1124.0,1167.0,2410.0,1817.0,2012.0,2221.0,2595.0,30176.0,28791.0,29312.0,29013.0,28088.0,28685.0,28093.0,28064.0,7.0,6.0,5.0,9.0,10.0,8.0,11.0,12.0,421,192,342,382,377,331,366,195,-0.5833333333333334,-0.6428571428571429,-0.6428571428571429,-0.6153846153846154,-0.5833333333333334,-0.6428571428571429,-0.6875,-0.6875,-0.6153846153846154,-0.6666666666666666,-0.6153846153846154,-0.16666666666666666,-0.4444444444444444,-0.5833333333333334,-0.7368421052631579,-0.4444444444444444,-0.4444444444444444,0.3424657534246575,0.7818181818181819,0.9342105263157895,0.08487084870848709,0.020833333333333332,0.16666666666666666,0.2894736842105263,0.3183856502242152,0.6994219653179191,0.3008849557522124,0.29515418502202645,0.11363636363636363,0.5721925133689839,0.3424657534246575,0.2564102564102564,2.0,0.68
101,310,415.0,70.0,1562.0,30615.0,7.0,1278.0,1724.0,1618.0,2157.0,2436.0,1124.0,1167.0,2410.0,1817.0,2012.0,2221.0,30398.0,30176.0,28791.0,29312.0,29013.0,28088.0,28685.0,28093.0,5.0,7.0,6.0,5.0,9.0,10.0,8.0,11.0,294,421,192,342,382,377,331,366,-0.5,-0.4166666666666667,-0.5,-0.5,-0.46153846153846156,-0.4166666666666667,-0.5,-0.5625,-0.5625,-0.46153846153846156,-0.5333333333333333,-0.46153846153846156,0.16666666666666666,-0.2222222222222222,-0.4166666666666667,-0.631578947368421,-0.2222222222222222,0.08771929824561403,0.4155251141552511,0.8787878787878788,1.0394736842105263,0.14391143911439114,0.0763888888888889,0.23015873015873015,0.35964912280701755,0.3901345291479821,0.791907514450867,0.37168141592920356,0.3656387665198238,0.17424242424242425,0.6577540106951871,0.4155251141552511,0.3247863247863248,2.163265306122449
102,270,440.0,73.0,1486.0,30779.0,1.0,1208.0,1562.0,1724.0,1278.0,2157.0,2436.0,1124.0,1167.0,2410.0,1817.0,2012.0,30615.0,30398.0,30176.0,28791.0,29312.0,29013.0,28088.0,28685.0,7.0,5.0,7.0,6.0,5.0,9.0,10.0,8.0,310,294,421,192,342,382,377,331,-0.9230769230769231,-0.9285714285714286,-0.9166666666666666,-0.9285714285714286,-0.9285714285714286,-0.9230769230769231,-0.9166666666666666,-0.9285714285714286,-0.9375,-0.9375,-0.9230769230769231,-0.9333333333333333,-0.9230769230769231,-0.8333333333333334,-0.8888888888888888,-0.9166666666666666,-0.9473684210526315,-0.1118421052631579,-0.05263157894736842,0.2328767123287671,0.6363636363636364,0.7763157894736842,-0.0036900369003690036,-0.0625,0.07142857142857142,0.18421052631578946,0.21076233183856502,0.5606936416184971,0.19469026548672566,0.1894273127753304,0.022727272727272728,0.44385026737967914,0.2328767123287671,0.15384615384615385
103,283,428.0,77.0,1516.0,30655.0,7.0,2134.0,1486.0,1562.0,1208.0,1278.0,2157.0,2436.0,1124.0,1167.0,2410.0,1817.0,30779.0,30615.0,30398.0,30176.0,28791.0,29312.0,29013.0,28088.0,1.0,7.0,5.0,7.0,6.0,5.0,9.0,10.0,270,310,294,421,192,342,382,377,-0.5,-0.46153846153846156,-0.5,-0.4166666666666667,-0.5,-0.5,-0.46153846153846156,-0.4166666666666667,-0.5,-0.5625,-0.5625,-0.46153846153846156,-0.5333333333333333,-0.46153846153846156,0.16666666666666666,-0.2222222222222222,-0.4166666666666667,-0.19142857142857142,-0.06907894736842106,-0.007017543859649123,0.2922374429223744,0.7151515151515152,0.8618421052631579,0.04428044280442804,-0.017361111111111112,0.12301587301587301,0.2412280701754386,0.26905829596412556,0.6358381502890174,0.252212389380531,0.24669603524229075,0.07196969696969698,0.5133689839572193,0.2922374429223744
104,227,419.0,73.0,1385.0,30658.0,5.0,1160.0,1516.0,1486.0,2134.0,1208.0,1278.0,2157.0,2436.0,1124.0,1167.0,2410.0,30655.0,30779.0,30615.0,30398.0,30176.0,28791.0,29312.0,29013.0,7.0,1.0,7.0,5.0,7.0,6.0,5.0,9.0,283,270,310,294,421,192,342,382,-0.6153846153846154,-0.6428571428571429,-0.6153846153846154,-0.6428571428571429,-0.5833333333333334,-0.6428571428571429,-0.6428571428571429,-0.6153846153846154,-0.5833333333333334,-0.6428571428571429,-0.6875,-0.6875,-0.6153846153846154,-0.6666666666666666,-0.6153846153846154,-0.16666666666666666,-0.4444444444444444,-0.11673151750972763,-0.3514285714285714,-0.2532894736842105,-0.20350877192982456,0.0365296803652968,0.37575757575757573,0.4934210526315789,-0.16236162361623616,-0.21180555555555555,-0.0992063492063492,-0.0043859649122807015,0.017937219730941704,0.31213872832369943,0.004424778761061947,0.0,-0.14015151515151514,0.21390374331550802
105,346,431.0,73.0,1241.0,30703.0,3.0,1060.0,1385.0,1516.0,1160.0,2134.0,1208.0,1278.0,2157.0,2436.0,1124.0,1167.0,30658.0,30655.0,30779.0,30615.0,30398.0,30176.0,28791.0,29312.0,5.0,7.0,1.0,7.0,5.0,7.0,6.0,5.0,227,283,270,310,294,421,192,342,-0.7857142857142857,-0.7692307692307693,-0.7857142857142857,-0.7692307692307693,-0.7857142857142857,-0.75,-0.7857142857142857,-0.7857142857142857,-0.7692307692307693,-0.75,-0.7857142857142857,-0.8125,-0.8125,-0.7692307692307693,-0.8,-0.7692307692307693,-0.5,0.16498316498316498,0.3463035019455253,-0.011428571428571429,0.13815789473684212,0.21403508771929824,0.5799086757990868,1.096969696969697,1.2763157894736843,0.2767527675276753,0.2013888888888889,0.373015873015873,0.5175438596491229,0.5515695067264574,1.0,0.5309734513274337,0.5242290748898678,0.3106060606060606
106,300,423.0,71.0,1316.0,30810.0,2.0,2121.0,1241.0,1385.0,1060.0,1160.0,2134.0,1208.0,1278.0,2157.0,2436.0,1124.0,30703.0,30658.0,30655.0,30779.0,30615.0,30398.0,30176.0,28791.0,3.0,5.0,7.0,1.0,7.0,5.0,7.0,6.0,346,227,283,270,310,294,421,192,-0.8571428571428571,-0.8571428571428571,-0.8461538461538461,-0.8571428571428571,-0.8461538461538461,-0.8571428571428571,-0.8333333333333334,-0.8571428571428571,-0.8571428571428571,-0.8461538461538461,-0.8333333333333334,-0.8571428571428571,-0.875,-0.875,-0.8461538461538461,-0.8666666666666667,-0.8461538461538461,0.5,0.010101010101010102,0.16731517509727625,-0.14285714285714285,-0.013157894736842105,0.05263157894736842,0.3698630136986301,0.8181818181818182,0.9736842105263158,0.1070110701107011,0.041666666666666664,0.19047619047619047,0.3157894736842105,0.3452914798206278,0.7341040462427746,0.3274336283185841,0.32158590308370044
107,336,435.0,69.0,1347.0,30289.0,1.0,2029.0,1316.0,1241.0,2121.0,1060.0,1160.0,2134.0,1208.0,1278.0,2157.0,2436.0,30810.0,30703.0,30658.0,30655.0,30779.0,30615.0,30398.0,30176.0,2.0,3.0,5.0,7.0,1.0,7.0,5.0,7.0,300,346,227,283,270,310,294,421,-0.9166666666666666,-0.9285714285714286,-0.9285714285714286,-0.9230769230769231,-0.9285714285714286,-0.9230769230769231,-0.9285714285714286,-0.9166666666666666,-0.9285714285714286,-0.9285714285714286,-0.9230769230769231,-0.9166666666666666,-0.9285714285714286,-0.9375,-0.9375,-0.9230769230769231,-0.9333333333333333,0.7230769230769231,0.68,0.13131313131313133,0.30739299610894943,-0.04,0.10526315789473684,0.17894736842105263,0.5342465753424658,1.0363636363636364,1.2105263157894737,0.23985239852398524,0.16666666666666666,0.3333333333333333,0.47368421052631576,0.5067264573991032,0.9421965317919075,0.48672566371681414
108,417,416.0,67.0,1337.0,30426.0,1.0,2084.0,1347.0,1316.0,2029.0,2121.0,1060.0,1160.0,2134.0,1208.0,1278.0,2157.0,30289.0,30810.0,30703.0,30658.0,30655.0,30779.0,30615.0,30398.0,1.0,2.0,3.0,5.0,7.0,1.0,7.0,5.0,336,300,346,227,283,270,310,294,-0.9090909090909091,-0.9166666666666666,-0.9285714285714286,-0.9285714285714286,-0.9230769230769231,-0.9285714285714286,-0.9230769230769231,-0.9285714285714286,-0.9166666666666666,-0.9285714285714286,-0.9285714285714286,-0.9230769230769231,-0.9166666666666666,-0.9285714285714286,-0.9375,-0.9375,-0.9230769230769231,0.13934426229508196,1.1384615384615384,1.085,0.40404040404040403,0.622568093385214,0.19142857142857142,0.3717105263157895,0.4631578947368421,0.9041095890410958,1.5272727272727273,1.743421052631579,0.5387453874538746,0.4479166666666667,0.6547619047619048,0.8289473684210527,0.8699551569506726,1.4104046242774566
109,375,422.0,67.0,1530.0,29046.0,3.0,2288.0,1337.0,1347.0,2084.0,2029.0,2121.0,1060.0,1160.0,2134.0,1208.0,1278.0,30426.0,30289.0,30810.0,30703.0,30658.0,30655.0,30779.0,30615.0,1.0,1.0,2.0,3.0,5.0,7.0,1.0,7.0,417,336,300,346,227,283,270,310,-0.625,-0.7272727272727273,-0.75,-0.7857142857142857,-0.7857142857142857,-0.7692307692307693,-0.7857142857142857,-0.7692307692307693,-0.7857142857142857,-0.75,-0.7857142857142857,-0.7857142857142857,-0.7692307692307693,-0.75,-0.7857142857142857,-0.8125,-0.8125,0.13293051359516617,0.02459016393442623,0.9230769230769231,0.875,0.26262626262626265,0.4591439688715953,0.07142857142857142,0.23355263157894737,0.3157894736842105,0.7123287671232876,1.2727272727272727,1.4671052631578947,0.3837638376383764,0.3020833333333333,0.4880952380952381,0.6447368421052632,0.6816143497757847
110,377,422.0,70.0,1771.0,30852.0,1.0,2269.0,1530.0,1337.0,2288.0,2084.0,2029.0,2121.0,1060.0,1160.0,2134.0,1208.0,29046.0,30426.0,30289.0,30810.0,30703.0,30658.0,30655.0,30779.0,3.0,1.0,1.0,2.0,3.0,5.0,7.0,1.0,375,417,336,300,346,227,283,270,-0.9,-0.875,-0.9090909090909091,-0.9166666666666666,-0.9285714285714286,-0.9285714285714286,-0.9230769230769231,-0.9285714285714286,-0.9230769230769231,-0.9285714285714286,-0.9166666666666666,-0.9285714285714286,-0.9285714285714286,-0.9230769230769231,-0.9166666666666666,-0.9285714285714286,-0.9375,0.0,0.13897280966767372,0.030054644808743168,0.9333333333333333,0.885,0.26936026936026936,0.4669260700389105,0.07714285714285714,0.24013157894736842,0.32280701754385965,0.7214611872146118,1.284848484848485,1.480263157894737,0.39114391143911437,0.3090277777777778,0.49603174603174605,0.6535087719298246
111,292,407.0,69.0,1826.0,30855.0,2.0,1285.0,1771.0,1530.0,2269.0,2288.0,2084.0,2029.0,2121.0,1060.0,1160.0,2134.0,30852.0,29046.0,30426.0,30289.0,30810.0,30703.0,30658.0,30655.0,1.0,3.0,1.0,1.0,2.0,3.0,5.0,7.0,377,375,417,336,300,346,227,283,-0.7777777777777778,-0.8,-0.75,-0.8181818181818182,-0.8333333333333334,-0.8571428571428571,-0.8571428571428571,-0.8461538461538461,-0.8571428571428571,-0.8461538461538461,-0.8571428571428571,-0.8333333333333334,-0.8571428571428571,-0.8571428571428571,-0.8461538461538461,-0.8333333333333334,-0.8571428571428571,-0.2356020942408377,-0.22546419098143236,-0.11782477341389729,-0.20218579234972678,0.49743589743589745,0.46,-0.016835016835016835,0.13618677042801555,-0.1657142857142857,-0.039473684210526314,0.02456140350877193,0.3333333333333333,0.7696969696969697,0.9210526315789473,0.07749077490774908,0.013888888888888888,0.15873015873015872
112,259,424.0,72.0,1782.0,30956.0,4.0,1172.0,1826.0,1771.0,1285.0,2269.0,2288.0,2084.0,2029.0,2121.0,1060.0,1160.0,30855.0,30852.0,29046.0,30426.0,30289.0,30810.0,30703.0,30658.0,2.0,1.0,3.0,1.0,1.0,2.0,3.0,5.0,292,377,375,417,336,300,346,227,-0.2,-0.5555555555555556,-0.6,-0.5,-0.6363636363636364,-0.6666666666666666,-0.7142857142857143,-0.7142857142857143,-0.6923076923076923,-0.7142857142857143,-0.6923076923076923,-0.7142857142857143,-0.6666666666666666,-0.7142857142857143,-0.7142857142857143,-0.6923076923076923,-0.6666666666666666,-0.24269005847953215,-0.3219895287958115,-0.3129973474801061,-0.2175226586102719,-0.2923497267759563,0.3282051282051282,0.295,-0.12794612794612795,0.007782101167315175,-0.26,-0.14802631578947367,-0.0912280701754386,0.182648401826484,0.5696969696969697,0.7039473684210527,-0.04428044280442804,-0.10069444444444445
113,345,441.0,72.0,1759.0,30248.0,6.0,2472.0,1782.0,1826.0,1172.0,1285.0,2269.0,2288.0,2084.0,2029.0,2121.0,1060.0,30956.0,30855.0,30852.0,29046.0,30426.0,30289.0,30810.0,30703.0,4.0,2.0,1.0,3.0,1.0,1.0,2.0,3.0,259,292,377,375,417,336,300,346,0.0,0.2,-0.3333333333333333,-0.4,-0.25,-0.45454545454545453,-0.5,-0.5714285714285714,-0.5714285714285714,-0.5384615384615384,-0.5714285714285714,-0.5384615384615384,-0.5714285714285714,-0.5,-0.5714285714285714,-0.5714285714285714,-0.5384615384615384,0.796875,0.008771929824561403,-0.0968586387434555,-0.08488063660477453,0.04229607250755287,-0.05737704918032787,0.7692307692307693,0.725,0.16161616161616163,0.3424124513618677,-0.014285714285714285,0.13486842105263158,0.21052631578947367,0.5753424657534246,1.0909090909090908,1.269736842105263,0.2730627306273063
